222
6
569128861
512300979
0 1 1 4 34 5 (D 1,1,1) (S 1,2,2) (S 6,9,9) (S 12,1,2) (D 1,1,1)
0 1 2 3 25 5 (D 1,1,1) (S 4,7,7) (S 3,6,6) (S 20,5,6) (D 1,1,1)
0 1 3 7 67 9 (D 1,1,1) (S 7,10,10) (S 24,9,10) (S 14,1,10) (S 11,8,11) (S 21,5,11) (S 5,8,8) (S 23,7,8) (D 1,1,1)
0 1 4 3 11 5 (D 1,1,1) (S 9,6,12) (S 8,5,12) (S 10,7,12) (D 1,1,1)
0 1 5 1 9 3 (D 1,1,1) (S 15,1,12) (D 1,1,1)
0 1 6 8 76 10 (D 1,1,1) (S 17,3,4) (S 16,2,4) (S 19,4,13) (S 22,5,13) (S 25,12,13) (S 13,1,4) (S 2,3,3) (S 18,3,5) (D 1,1,1)
