18926
29
45331380373
23243790886
0 1 1 56 322 3 (D 1,1,1) (S 34,4,5) (D 1,1,1)
0 1 2 6 234 3 (D 1,1,1) (S 37,5,7) (D 1,1,1)
0 1 3 92 415 5 (D 1,1,1) (S 23,59,59) (S 96,44,59) (S 110,58,59) (D 1,1,1)
0 1 4 111 515 4 (D 1,1,1) (S 13,44,44) (S 93,43,44) (D 1,1,1)
0 1 5 32 312 3 (D 1,1,1) (S 112,58,69) (D 1,1,1)
0 1 6 60 422 4 (D 1,1,1) (S 14,45,45) (S 94,44,45) (D 1,1,1)
0 1 7 78 426 3 (D 1,1,1) (S 44,11,59) (D 1,1,1)
0 1 8 78 468 3 (D 1,1,1) (S 109,57,58) (D 1,1,1)
0 1 9 94 644 6 (D 1,1,1) (S 45,12,16) (S 48,13,16) (S 5,16,16) (S 41,10,11) (D 1,1,1)
0 1 10 123 655 6 (D 1,1,1) (S 26,67,67) (S 108,56,67) (S 119,62,67) (S 116,60,67) (D 1,1,1)
0 1 11 167 868 10 (D 1,1,1) (S 30,77,77) (S 49,13,77) (S 128,76,77) (S 53,15,77) (S 51,15,17) (S 50,14,15) (S 47,13,14) (S 4,13,13) (D 1,1,1)
0 1 12 32 128 3 (D 1,1,1) (S 31,1,2) (D 1,1,1)
0 1 13 14 120 3 (D 1,1,1) (S 32,2,3) (D 1,1,1)
0 1 14 17 132 3 (D 1,1,1) (S 33,2,4) (D 1,1,1)
0 1 15 75 398 3 (D 1,1,1) (S 35,4,69) (D 1,1,1)
0 1 16 8 242 3 (D 1,1,1) (S 36,5,6) (D 1,1,1)
0 1 17 192 842 14 (D 1,1,1) (S 40,9,10) (S 3,12,12) (S 42,11,12) (S 18,51,51) (S 62,21,51) (S 103,50,52) (S 20,54,54) (S 106,52,54) (S 19,53,53) (S 69,24,53) (S 104,51,53) (S 105,52,53) (D 1,1,1)
0 1 18 63 339 4 (D 1,1,1) (S 1,8,8) (S 38,7,8) (D 1,1,1)
0 1 19 256 1326 12 (D 1,1,1) (S 56,18,72) (S 124,71,72) (S 126,72,73) (S 127,73,74) (S 29,76,76) (S 46,12,76) (S 6,22,22) (S 61,21,22) (S 58,19,21) (S 102,49,51) (D 1,1,1)
0 1 20 241 1316 10 (D 1,1,1) (S 60,20,76) (S 55,18,20) (S 28,70,70) (S 123,70,71) (S 125,71,73) (S 52,15,18) (S 54,18,19) (S 57,19,20) (D 1,1,1)
0 1 21 168 940 10 (D 1,1,1) (S 63,22,24) (S 68,24,25) (S 70,25,26) (S 73,26,27) (S 74,26,28) (S 71,25,29) (S 7,24,24) (S 15,46,46) (D 1,1,1)
0 1 22 143 993 9 (D 1,1,1) (S 64,22,75) (S 75,28,29) (S 8,28,28) (S 65,23,26) (S 66,23,31) (S 76,30,31) (S 72,25,75) (D 1,1,1)
0 1 23 250 1570 11 (D 1,1,1) (S 67,23,75) (S 77,31,32) (S 81,33,36) (S 78,32,33) (S 11,41,41) (S 10,40,40) (S 87,39,40) (S 9,34,34) (S 79,32,34) (D 1,1,1)
0 1 24 128 818 6 (D 1,1,1) (S 80,32,35) (S 84,35,41) (S 88,40,41) (S 89,41,42) (D 1,1,1)
0 1 25 237 1063 11 (D 1,1,1) (S 83,35,39) (S 86,37,39) (S 82,33,37) (S 85,37,38) (S 90,42,43) (S 12,43,43) (S 21,56,56) (S 91,42,56) (S 107,55,56) (D 1,1,1)
0 1 26 128 673 8 (D 1,1,1) (S 95,44,46) (S 98,46,47) (S 100,47,49) (S 17,50,50) (S 59,19,50) (S 101,49,50) (D 1,1,1)
0 1 27 201 813 8 (D 1,1,1) (S 97,45,46) (S 43,11,48) (S 99,47,48) (S 16,48,48) (S 2,9,9) (S 39,8,9) (D 1,1,1)
0 1 28 237 1005 9 (D 1,1,1) (S 113,59,69) (S 118,62,66) (S 27,68,68) (S 122,66,68) (S 24,62,62) (S 111,58,60) (S 114,60,61) (D 1,1,1)
0 1 29 157 927 9 (D 1,1,1) (S 115,60,62) (S 117,62,63) (S 120,63,64) (S 25,65,65) (S 121,63,65) (S 22,57,57) (S 92,42,57) (D 1,1,1)
