615
6
15699544803
14397218316
0 1 1 4 95 6 (D 1,1,1) (S 1,2,2) (S 5,1,2) (S 21,9,2) (S 6,1,4) (D 1,1,1)
0 1 2 5 117 7 (D 1,1,1) (S 2,3,3) (S 9,2,3) (S 26,11,3) (S 12,3,5) (S 27,11,5) (D 1,1,1)
0 1 3 3 76 5 (D 1,1,1) (S 15,5,12) (S 18,7,12) (S 17,6,12) (D 1,1,1)
0 1 4 8 180 10 (D 1,1,1) (S 8,1,10) (S 22,9,10) (S 25,10,9) (S 20,8,10) (S 24,10,8) (S 16,6,7) (S 7,1,7) (S 19,8,7) (D 1,1,1)
0 1 5 7 122 9 (D 1,1,1) (S 11,3,4) (S 10,2,4) (S 4,11,11) (S 29,12,11) (S 13,4,11) (S 3,6,6) (S 14,5,6) (D 1,1,1)
0 1 6 2 25 4 (D 1,1,1) (S 23,10,1) (S 28,12,1) (D 1,1,1)
