495
7
506105960
284909629
0 1 1 31 69 4 (D 1,1,1) (S 1,2,2) (S 13,2,8) (D 1,1,1)
0 1 2 28 42 5 (D 1,1,1) (S 2,3,3) (S 12,2,3) (S 7,1,3) (D 1,1,1)
0 1 3 30 50 4 (D 1,1,1) (S 3,4,4) (S 11,1,4) (D 1,1,1)
0 1 4 12 50 3 (D 1,1,1) (S 4,5,5) (D 1,1,1)
0 1 5 52 126 6 (D 1,1,1) (S 8,4,11) (S 19,10,11) (S 14,4,10) (S 15,6,10) (D 1,1,1)
0 1 6 7 17 3 (D 1,1,1) (S 10,1,2) (D 1,1,1)
0 1 7 52 141 10 (D 1,1,1) (S 17,7,9) (S 18,8,9) (S 5,9,9) (S 21,11,13) (S 6,12,12) (S 9,8,12) (S 16,6,12) (S 20,11,12) (D 1,1,1)
