207
6
2977672970
835921516
0 1 1 4 30 5 (D 1,1,1) (S 1,2,2) (S 7,1,9) (S 14,2,9) (D 1,1,1)
0 1 2 4 42 6 (D 1,1,1) (S 3,5,5) (S 13,2,3) (S 15,3,5) (S 4,6,6) (D 1,1,1)
0 1 3 2 20 4 (D 1,1,1) (S 2,4,4) (S 8,3,4) (D 1,1,1)
0 1 4 5 13 7 (D 1,1,1) (S 6,12,12) (S 9,6,12) (S 16,4,12) (S 18,5,12) (S 21,7,12) (D 1,1,1)
0 1 5 7 48 9 (D 1,1,1) (S 12,1,10) (S 20,7,10) (S 24,9,10) (S 22,8,10) (S 19,6,8) (S 5,7,7) (S 11,1,7) (D 1,1,1)
0 1 6 4 54 6 (D 1,1,1) (S 10,9,11) (S 23,8,11) (S 17,5,11) (S 25,10,11) (D 1,1,1)
