558
10
2158460676
4201
0 1 1 54 76 9 (D 1,1,1) (S 2,3,3) (S 7,9,9) (S 16,3,10) (S 29,10,2) (S 1,2,2) (S 3,4,4) (S 25,2,4) (D 1,1,1)
0 1 2 24 30 3 (D 1,1,1) (S 4,5,5) (D 1,1,1)
0 1 3 69 104 11 (D 1,1,1) (S 5,6,6) (S 6,7,7) (S 36,16,17) (S 32,13,17) (S 31,12,17) (S 10,17,17) (S 19,12,16) (S 18,6,12) (S 23,1,11) (D 1,1,1)
0 1 4 17 27 4 (D 1,1,1) (S 15,1,20) (S 33,15,20) (D 1,1,1)
0 1 5 29 43 5 (D 1,1,1) (S 8,11,11) (S 17,6,11) (S 30,12,11) (D 1,1,1)
0 1 6 37 77 9 (D 1,1,1) (S 9,14,14) (S 20,13,14) (S 27,8,14) (S 11,18,18) (S 21,14,18) (S 37,20,15) (S 35,16,15) (D 1,1,1)
0 1 7 54 68 5 (D 1,1,1) (S 12,19,19) (S 24,1,19) (S 28,9,19) (D 1,1,1)
0 1 8 45 67 6 (D 1,1,1) (S 13,21,21) (S 34,15,21) (S 38,20,21) (S 40,24,21) (D 1,1,1)
0 1 9 19 50 5 (D 1,1,1) (S 14,22,22) (S 22,23,24) (S 39,21,24) (D 1,1,1)
0 1 10 10 16 3 (D 1,1,1) (S 26,6,5) (D 1,1,1)
