13407
19
32766874990
8843513046
0 1 1 72 302 4 (D 1,1,1) (S 35,118,118) (S 111,114,118) (D 1,1,1)
0 1 2 244 1354 10 (D 1,1,1) (S 10,29,29) (S 9,25,25) (S 48,11,27) (S 53,20,24) (S 8,20,20) (S 52,20,22) (S 68,43,44) (S 113,117,119) (D 1,1,1)
0 1 3 16 106 3 (D 1,1,1) (S 42,2,117) (D 1,1,1)
0 1 4 227 973 11 (D 1,1,1) (S 15,42,42) (S 63,36,37) (S 12,36,36) (S 64,36,38) (S 14,38,38) (S 66,38,39) (S 67,39,40) (S 13,37,37) (S 31,92,92) (D 1,1,1)
0 1 5 26 212 4 (D 1,1,1) (S 105,107,112) (S 108,110,112) (D 1,1,1)
0 1 6 269 1298 12 (D 1,1,1) (S 21,61,61) (S 18,48,48) (S 19,49,49) (S 73,48,49) (S 3,10,10) (S 45,8,9) (S 6,15,15) (S 7,16,16) (S 16,43,43) (S 25,76,76) (D 1,1,1)
0 1 7 43 294 5 (D 1,1,1) (S 102,106,107) (S 104,107,110) (S 107,110,111) (D 1,1,1)
0 1 8 144 783 10 (D 1,1,1) (S 85,69,71) (S 71,44,73) (S 87,72,73) (S 86,71,72) (S 84,67,69) (S 82,66,67) (S 83,67,68) (S 24,70,70) (D 1,1,1)
0 1 9 131 544 9 (D 1,1,1) (S 28,82,82) (S 91,80,82) (S 27,80,80) (S 29,84,84) (S 92,82,84) (S 93,84,85) (S 94,85,86) (D 1,1,1)
0 1 10 123 659 8 (D 1,1,1) (S 30,88,88) (S 72,46,77) (S 17,46,46) (S 26,78,78) (S 88,77,78) (S 89,78,79) (D 1,1,1)
0 1 11 256 1263 17 (D 1,1,1) (S 32,103,103) (S 81,64,65) (S 76,55,56) (S 75,54,55) (S 74,49,140) (S 77,55,140) (S 20,54,54) (S 78,62,63) (S 22,62,62) (S 79,62,66) (S 23,64,64) (S 80,63,64) (S 96,95,96) (S 97,96,97) (S 98,97,98) (D 1,1,1)
0 1 12 36 192 4 (D 1,1,1) (S 33,113,113) (S 109,112,113) (D 1,1,1)
0 1 13 57 197 4 (D 1,1,1) (S 34,114,114) (S 110,113,114) (D 1,1,1)
0 1 14 18 72 3 (D 1,1,1) (S 41,1,116) (D 1,1,1)
0 1 15 150 1119 8 (D 1,1,1) (S 46,8,11) (S 47,11,12) (S 5,13,13) (S 50,12,13) (S 51,13,14) (S 90,79,80) (D 1,1,1)
0 1 16 256 1506 15 (D 1,1,1) (S 49,11,33) (S 57,28,29) (S 54,24,25) (S 55,25,27) (S 56,27,28) (S 58,28,30) (S 11,30,30) (S 59,30,32) (S 4,11,11) (S 1,5,5) (S 2,6,6) (S 43,5,6) (S 44,6,8) (D 1,1,1)
0 1 17 145 920 10 (D 1,1,1) (S 61,34,45) (S 70,44,45) (S 40,139,139) (S 60,33,139) (S 62,34,139) (S 65,37,43) (S 69,43,46) (S 95,86,87) (D 1,1,1)
0 1 18 170 865 7 (D 1,1,1) (S 103,107,108) (S 106,108,109) (S 99,102,104) (S 100,104,105) (S 101,105,106) (D 1,1,1)
0 1 19 200 748 9 (D 1,1,1) (S 112,116,117) (S 36,124,124) (S 115,126,130) (S 114,124,126) (S 39,135,135) (S 38,134,134) (S 37,125,125) (D 1,1,1)
