476
10
2085161640
2800
0 1 1 16 30 4 (D 1,1,1) (S 1,3,3) (S 23,1,3) (D 1,1,1)
0 1 2 30 52 4 (D 1,1,1) (S 4,6,6) (S 30,5,6) (D 1,1,1)
0 1 3 5 31 3 (D 1,1,1) (S 5,8,8) (D 1,1,1)
0 1 4 28 44 6 (D 1,1,1) (S 8,15,15) (S 33,13,15) (S 9,17,17) (S 35,16,17) (D 1,1,1)
0 1 5 7 9 3 (D 1,1,1) (S 11,19,19) (D 1,1,1)
0 1 6 33 61 6 (D 1,1,1) (S 10,18,18) (S 19,14,18) (S 7,14,14) (S 25,2,12) (D 1,1,1)
0 1 7 21 47 8 (D 1,1,1) (S 13,22,22) (S 38,21,22) (S 14,23,23) (S 21,21,23) (S 39,22,23) (S 41,25,26) (D 1,1,1)
0 1 8 19 31 4 (D 1,1,1) (S 15,24,24) (S 40,23,24) (D 1,1,1)
0 1 9 45 82 12 (D 1,1,1) (S 24,2,1) (S 17,12,13) (S 18,13,14) (S 36,18,21) (S 12,21,21) (S 37,20,21) (S 20,15,20) (S 34,14,20) (S 22,26,27) (S 16,27,27) (D 1,1,1)
0 1 10 45 89 11 (D 1,1,1) (S 27,3,6) (S 28,4,6) (S 31,6,7) (S 32,7,11) (S 6,10,10) (S 3,5,5) (S 2,4,4) (S 26,3,4) (S 29,4,10) (D 1,1,1)
