567
9
8865412501
7320522730
0 1 1 45 63 9 (D 1,1,1) (S 2,3,3) (S 16,3,10) (S 1,2,2) (S 33,10,2) (S 3,4,4) (S 15,3,4) (S 27,2,4) (D 1,1,1)
0 1 2 43 83 8 (D 1,1,1) (S 4,5,5) (S 30,7,6) (S 19,7,8) (S 37,14,8) (S 31,8,14) (S 21,13,14) (D 1,1,1)
0 1 3 42 68 6 (D 1,1,1) (S 5,6,6) (S 28,5,6) (S 8,12,12) (S 40,17,12) (D 1,1,1)
0 1 4 16 32 4 (D 1,1,1) (S 6,9,9) (S 43,19,9) (D 1,1,1)
0 1 5 43 57 6 (D 1,1,1) (S 7,11,11) (S 17,5,11) (S 18,6,11) (S 29,6,5) (D 1,1,1)
0 1 6 73 117 12 (D 1,1,1) (S 14,24,24) (S 25,23,24) (S 48,21,24) (S 38,15,21) (S 24,22,23) (S 23,21,23) (S 45,19,22) (S 9,15,15) (S 46,20,15) (S 47,21,15) (D 1,1,1)
0 1 7 31 68 12 (D 1,1,1) (S 20,7,13) (S 42,17,18) (S 22,14,18) (S 12,18,18) (S 11,17,17) (S 39,16,17) (S 36,13,17) (S 35,12,17) (S 10,16,16) (S 41,17,16) (D 1,1,1)
0 1 8 59 73 6 (D 1,1,1) (S 26,1,19) (S 32,9,19) (S 13,20,20) (S 44,19,20) (D 1,1,1)
0 1 9 6 6 3 (D 1,1,1) (S 34,11,1) (D 1,1,1)
