48978
26
21302455927
3719093044
0 1 1 420 492 3 (D 1,1,1) (S 2,16,16) (D 1,1,1)
0 1 2 284 420 3 (D 1,1,1) (S 7,2,3) (D 1,1,1)
0 1 3 265 379 3 (D 1,1,1) (S 5,1,2) (D 1,1,1)
0 1 4 138 246 3 (D 1,1,1) (S 6,1,16) (D 1,1,1)
0 1 5 1216 1504 5 (D 1,1,1) (S 24,12,21) (S 103,22,21) (S 38,20,21) (D 1,1,1)
0 1 6 435 602 3 (D 1,1,1) (S 9,3,4) (D 1,1,1)
0 1 7 1003 1171 4 (D 1,1,1) (S 10,3,10) (S 19,9,10) (D 1,1,1)
0 1 8 2707 3152 8 (D 1,1,1) (S 11,4,5) (S 14,5,6) (S 101,14,6) (S 17,7,8) (S 18,8,15) (S 28,14,15) (D 1,1,1)
0 1 9 830 1090 4 (D 1,1,1) (S 37,19,28) (S 51,27,28) (D 1,1,1)
0 1 10 906 1121 4 (D 1,1,1) (S 21,10,19) (S 36,18,19) (D 1,1,1)
0 1 11 1548 1985 6 (D 1,1,1) (S 25,12,22) (S 45,23,32) (S 47,24,33) (S 60,32,33) (D 1,1,1)
0 1 12 2392 2936 10 (D 1,1,1) (S 29,14,23) (S 30,14,24) (S 44,23,24) (S 31,15,24) (S 41,22,23) (S 4,30,30) (S 42,22,31) (S 57,30,31) (D 1,1,1)
0 1 13 1397 1757 7 (D 1,1,1) (S 35,17,26) (S 54,28,37) (S 68,36,37) (S 52,27,36) (S 66,35,36) (D 1,1,1)
0 1 14 407 557 4 (D 1,1,1) (S 33,16,25) (S 3,25,25) (D 1,1,1)
0 1 15 2879 3329 9 (D 1,1,1) (S 40,21,30) (S 55,29,30) (S 58,30,39) (S 71,38,39) (S 39,20,29) (S 22,10,20) (S 23,11,20) (D 1,1,1)
0 1 16 2725 3213 7 (D 1,1,1) (S 61,32,40) (S 62,32,41) (S 43,22,32) (S 27,13,22) (S 16,6,13) (D 1,1,1)
0 1 17 2906 3355 10 (D 1,1,1) (S 48,25,26) (S 70,37,46) (S 72,38,46) (S 83,45,46) (S 104,26,27) (S 20,9,18) (S 34,17,18) (S 105,27,18) (D 1,1,1)
0 1 18 3151 3590 9 (D 1,1,1) (S 49,25,34) (S 50,26,35) (S 65,34,35) (S 106,34,43) (S 80,43,50) (S 82,44,51) (S 93,50,51) (D 1,1,1)
0 1 19 3060 3542 10 (D 1,1,1) (S 53,28,29) (S 73,38,47) (S 85,46,47) (S 107,37,38) (S 56,29,38) (S 1,12,12) (S 13,4,12) (S 15,5,12) (D 1,1,1)
0 1 20 364 493 3 (D 1,1,1) (S 32,16,17) (D 1,1,1)
0 1 21 1792 2297 9 (D 1,1,1) (S 87,46,53) (S 95,52,53) (S 89,47,54) (S 96,53,54) (S 102,19,20) (S 12,4,11) (S 100,10,11) (D 1,1,1)
0 1 22 1646 2110 6 (D 1,1,1) (S 59,31,40) (S 74,39,40) (S 76,40,48) (S 88,47,48) (D 1,1,1)
0 1 23 1543 2004 6 (D 1,1,1) (S 63,32,42) (S 64,33,42) (S 77,41,42) (S 75,40,41) (D 1,1,1)
0 1 24 2238 2598 7 (D 1,1,1) (S 67,35,44) (S 79,43,44) (S 69,36,45) (S 81,44,45) (S 8,2,9) (D 1,1,1)
0 1 25 1369 1740 5 (D 1,1,1) (S 84,45,52) (S 94,51,52) (S 86,46,52) (D 1,1,1)
0 1 26 2581 3295 11 (D 1,1,1) (S 91,48,55) (S 97,54,55) (S 92,49,56) (S 98,55,56) (S 90,48,49) (S 78,42,49) (S 46,24,32) (S 26,13,14) (S 99,7,14) (D 1,1,1)
