306
12
399978046
166606988
0 1 1 21 23 3 (D 1,1,1) (S 1,2,2) (D 1,1,1)
0 1 2 8 10 3 (D 1,1,1) (S 7,8,8) (D 1,1,1)
0 1 3 7 9 3 (D 1,1,1) (S 10,1,2) (D 1,1,1)
0 1 4 16 20 4 (D 1,1,1) (S 8,9,9) (S 12,2,9) (D 1,1,1)
0 1 5 27 31 7 (D 1,1,1) (S 9,10,10) (S 13,2,10) (S 37,4,10) (S 43,6,10) (S 46,9,10) (D 1,1,1)
0 1 6 16 18 4 (D 1,1,1) (S 11,1,11) (S 28,2,11) (D 1,1,1)
0 1 7 24 28 7 (D 1,1,1) (S 14,3,9) (S 18,8,9) (S 40,5,9) (S 42,6,9) (S 36,4,9) (D 1,1,1)
0 1 8 37 41 8 (D 1,1,1) (S 15,5,7) (S 23,1,7) (S 27,2,7) (S 35,4,7) (S 41,6,7) (S 6,7,7) (D 1,1,1)
0 1 9 20 22 6 (D 1,1,1) (S 16,5,8) (S 24,1,8) (S 31,3,8) (S 17,6,8) (D 1,1,1)
0 1 10 40 48 9 (D 1,1,1) (S 19,1,3) (S 25,2,3) (S 21,1,5) (S 33,4,5) (S 4,5,5) (S 29,3,5) (S 2,3,3) (D 1,1,1)
0 1 11 29 33 10 (D 1,1,1) (S 20,1,4) (S 5,6,6) (S 22,1,6) (S 30,3,6) (S 34,4,6) (S 39,5,6) (S 26,2,6) (S 3,4,4) (D 1,1,1)
0 1 12 21 23 7 (D 1,1,1) (S 32,3,11) (S 38,4,11) (S 44,7,11) (S 45,8,11) (S 47,10,11) (D 1,1,1)
