304
11
4563445319
3109974360
0 1 1 27 29 3 (D 1,1,1) (S 1,2,2) (D 1,1,1)
0 1 2 18 24 3 (D 1,1,1) (S 2,3,3) (D 1,1,1)
0 1 3 24 26 3 (D 1,1,1) (S 3,4,4) (D 1,1,1)
0 1 4 30 34 6 (D 1,1,1) (S 5,6,6) (S 16,1,6) (S 22,2,6) (S 14,1,2) (D 1,1,1)
0 1 5 27 31 5 (D 1,1,1) (S 6,7,7) (S 9,1,7) (S 11,4,7) (D 1,1,1)
0 1 6 16 18 3 (D 1,1,1) (S 7,8,8) (D 1,1,1)
0 1 7 27 29 7 (D 1,1,1) (S 13,9,11) (S 19,1,11) (S 29,5,11) (S 24,2,11) (S 34,10,11) (D 1,1,1)
0 1 8 20 24 7 (D 1,1,1) (S 18,1,10) (S 26,3,10) (S 32,7,10) (S 28,5,10) (S 33,9,10) (D 1,1,1)
0 1 9 20 24 7 (D 1,1,1) (S 17,1,9) (S 12,8,9) (S 25,3,9) (S 27,4,9) (S 31,6,9) (D 1,1,1)
0 1 10 40 46 8 (D 1,1,1) (S 20,2,4) (S 4,5,5) (S 10,3,5) (S 21,2,5) (S 15,1,5) (S 8,1,4) (D 1,1,1)
0 1 11 17 19 4 (D 1,1,1) (S 23,2,8) (S 30,6,8) (D 1,1,1)
