440
11
4621937926
929580968
0 1 1 7 9 3 (D 1,1,1) (S 23,1,19) (D 1,1,1)
0 1 2 12 26 3 (D 1,1,1) (S 2,3,3) (D 1,1,1)
0 1 3 37 58 7 (D 1,1,1) (S 6,7,7) (S 5,6,6) (S 27,3,6) (S 8,10,10) (S 1,2,2) (D 1,1,1)
0 1 4 41 78 10 (D 1,1,1) (S 16,1,15) (S 35,13,15) (S 18,12,13) (S 34,13,14) (S 12,18,18) (S 36,14,18) (S 38,15,20) (S 10,14,14) (D 1,1,1)
0 1 5 16 26 5 (D 1,1,1) (S 11,17,17) (S 37,15,17) (S 39,16,17) (D 1,1,1)
0 1 6 30 66 7 (D 1,1,1) (S 14,21,21) (S 19,14,20) (S 13,20,20) (S 20,18,21) (S 21,22,25) (D 1,1,1)
0 1 7 51 69 9 (D 1,1,1) (S 17,4,5) (S 30,5,9) (S 31,6,9) (S 32,8,9) (S 4,5,5) (S 3,4,4) (S 9,12,12) (D 1,1,1)
0 1 8 48 78 12 (D 1,1,1) (S 22,25,26) (S 43,23,26) (S 15,22,22) (S 40,21,22) (S 41,21,23) (S 7,8,8) (S 28,3,8) (S 25,1,27) (S 44,24,27) (S 45,26,27) (D 1,1,1)
0 1 9 13 25 5 (D 1,1,1) (S 24,1,24) (S 33,8,24) (S 42,23,24) (D 1,1,1)
0 1 10 2 2 3 (D 1,1,1) (S 26,2,1) (D 1,1,1)
0 1 11 1 3 3 (D 1,1,1) (S 29,4,19) (D 1,1,1)
