459
11
1167914694
432697692
0 1 1 7 9 3 (D 1,1,1) (S 11,19,19) (D 1,1,1)
0 1 2 10 22 3 (D 1,1,1) (S 14,24,24) (D 1,1,1)
0 1 3 24 32 3 (D 1,1,1) (S 3,4,4) (D 1,1,1)
0 1 4 16 30 3 (D 1,1,1) (S 2,3,3) (D 1,1,1)
0 1 5 24 39 5 (D 1,1,1) (S 4,5,5) (S 5,6,6) (S 24,3,4) (D 1,1,1)
0 1 6 2 4 4 (D 1,1,1) (S 15,4,19) (S 17,12,19) (D 1,1,1)
0 1 7 15 25 4 (D 1,1,1) (S 18,15,17) (S 22,1,17) (D 1,1,1)
0 1 8 45 83 10 (D 1,1,1) (S 32,14,20) (S 34,15,20) (S 36,20,21) (S 37,21,25) (S 39,22,25) (S 20,26,27) (S 6,8,8) (S 16,6,8) (D 1,1,1)
0 1 9 36 63 8 (D 1,1,1) (S 26,5,6) (S 25,3,6) (S 27,6,7) (S 28,7,11) (S 29,10,11) (S 1,2,2) (D 1,1,1)
0 1 10 51 98 12 (D 1,1,1) (S 9,16,16) (S 31,13,14) (S 10,18,18) (S 12,21,21) (S 33,14,21) (S 35,18,21) (S 8,14,14) (S 7,13,13) (S 30,12,13) (S 21,1,15) (D 1,1,1)
0 1 11 28 54 8 (D 1,1,1) (S 40,23,26) (S 13,23,23) (S 19,21,23) (S 38,22,23) (S 41,25,26) (S 23,1,27) (D 1,1,1)
