461
6
9158392286
5882047605
0 1 1 7 111 9 (D 1,1,1) (S 3,4,4) (S 9,2,4) (S 20,1,4) (S 24,3,4) (S 1,2,2) (S 19,1,2) (S 10,2,9) (D 1,1,1)
0 1 2 5 93 7 (D 1,1,1) (S 4,7,7) (S 21,1,7) (S 2,3,3) (S 8,2,3) (S 25,5,3) (D 1,1,1)
0 1 3 2 21 4 (D 1,1,1) (S 7,12,12) (S 13,5,12) (D 1,1,1)
0 1 4 3 31 5 (D 1,1,1) (S 11,5,6) (S 26,7,6) (S 29,12,6) (D 1,1,1)
0 1 5 2 32 4 (D 1,1,1) (S 15,7,12) (S 23,1,12) (D 1,1,1)
0 1 6 10 173 12 (D 1,1,1) (S 16,8,11) (S 6,11,11) (S 12,5,11) (S 18,10,11) (S 28,9,11) (S 14,7,8) (S 5,10,10) (S 17,9,10) (S 22,1,10) (S 27,8,10) (D 1,1,1)
