500
11
8187137864
4022958138
0 1 1 9 15 3 (D 1,1,1) (S 1,2,2) (D 1,1,1)
0 1 2 15 29 3 (D 1,1,1) (S 2,3,3) (D 1,1,1)
0 1 3 13 35 3 (D 1,1,1) (S 5,6,6) (D 1,1,1)
0 1 4 44 85 7 (D 1,1,1) (S 6,7,7) (S 19,6,7) (S 26,10,11) (S 3,4,4) (S 4,5,5) (D 1,1,1)
0 1 5 24 44 5 (D 1,1,1) (S 7,13,13) (S 27,12,13) (S 9,15,15) (D 1,1,1)
0 1 6 9 19 4 (D 1,1,1) (S 21,1,17) (S 30,16,17) (D 1,1,1)
0 1 7 26 50 7 (D 1,1,1) (S 15,26,26) (S 36,23,26) (S 12,23,23) (S 35,22,23) (S 13,24,24) (D 1,1,1)
0 1 8 7 9 3 (D 1,1,1) (S 16,1,19) (D 1,1,1)
0 1 9 27 53 8 (D 1,1,1) (S 22,2,1) (S 11,22,22) (S 33,21,22) (S 34,21,23) (S 17,1,27) (S 37,24,27) (D 1,1,1)
0 1 10 24 62 6 (D 1,1,1) (S 23,3,8) (S 18,5,9) (S 25,8,9) (S 24,6,10) (D 1,1,1)
0 1 11 51 99 10 (D 1,1,1) (S 28,14,16) (S 8,14,14) (S 32,20,21) (S 31,18,21) (S 29,14,20) (S 10,18,18) (S 14,25,25) (S 20,21,25) (D 1,1,1)
