198
7
390775318
148544979
0 1 1 12 16 5 (D 1,1,1) (S 21,3,10) (S 28,7,10) (S 9,10,10) (D 1,1,1)
0 1 2 33 41 7 (D 1,1,1) (S 3,4,4) (S 2,3,3) (S 11,2,3) (S 14,1,3) (S 1,2,2) (D 1,1,1)
0 1 3 9 11 4 (D 1,1,1) (S 13,7,11) (S 17,1,11) (D 1,1,1)
0 1 4 36 48 5 (D 1,1,1) (S 8,9,9) (S 12,4,9) (S 5,6,6) (D 1,1,1)
0 1 5 19 23 6 (D 1,1,1) (S 7,8,8) (S 19,2,8) (S 27,7,8) (S 16,1,8) (D 1,1,1)
0 1 6 6 8 3 (D 1,1,1) (S 10,1,2) (D 1,1,1)
0 1 7 39 51 12 (D 1,1,1) (S 22,3,11) (S 26,6,11) (S 15,1,7) (S 24,5,7) (S 6,7,7) (S 23,4,7) (S 25,6,7) (S 4,5,5) (S 18,2,5) (S 20,3,5) (D 1,1,1)
