489
10
2785362340
1077878077
0 1 1 11 17 4 (D 1,1,1) (S 1,2,2) (S 12,1,2) (D 1,1,1)
0 1 2 42 77 8 (D 1,1,1) (S 4,5,5) (S 18,5,9) (S 29,8,9) (S 26,6,9) (S 24,3,8) (S 2,3,3) (D 1,1,1)
0 1 3 45 85 11 (D 1,1,1) (S 5,6,6) (S 23,3,6) (S 25,6,7) (S 28,7,11) (S 17,4,10) (S 27,6,10) (S 6,10,10) (S 3,4,4) (S 22,3,4) (D 1,1,1)
0 1 4 9 31 3 (D 1,1,1) (S 16,4,6) (D 1,1,1)
0 1 5 12 28 4 (D 1,1,1) (S 13,1,15) (S 32,13,15) (D 1,1,1)
0 1 6 15 25 4 (D 1,1,1) (S 14,1,17) (S 36,15,17) (D 1,1,1)
0 1 7 23 55 7 (D 1,1,1) (S 19,22,23) (S 40,21,25) (S 38,18,25) (S 41,22,25) (S 30,12,13) (D 1,1,1)
0 1 8 7 9 3 (D 1,1,1) (S 20,1,19) (D 1,1,1)
0 1 9 34 58 9 (D 1,1,1) (S 21,1,24) (S 42,23,24) (S 44,24,27) (S 11,26,26) (S 43,23,26) (S 45,25,26) (S 15,1,27) (D 1,1,1)
0 1 10 51 104 12 (D 1,1,1) (S 8,16,16) (S 31,13,14) (S 33,14,18) (S 9,18,18) (S 35,14,21) (S 7,14,14) (S 34,14,20) (S 37,15,20) (S 10,21,21) (S 39,20,21) (D 1,1,1)
