263
8
4792431375
2455092354
0 1 1 19 36 9 (D 1,1,1) (S 1,2,2) (S 15,9,10) (S 16,9,19) (S 39,22,19) (S 38,19,20) (S 40,23,20) (S 9,20,20) (D 1,1,1)
0 1 2 7 9 3 (D 1,1,1) (S 2,3,3) (D 1,1,1)
0 1 3 17 28 5 (D 1,1,1) (S 3,5,5) (S 5,10,10) (S 12,5,10) (D 1,1,1)
0 1 4 20 47 10 (D 1,1,1) (S 4,6,6) (S 30,12,6) (S 6,12,12) (S 29,11,12) (S 31,12,13) (S 20,14,18) (S 37,18,17) (S 19,13,17) (D 1,1,1)
0 1 5 4 8 3 (D 1,1,1) (S 11,1,2) (D 1,1,1)
0 1 6 1 3 3 (D 1,1,1) (S 28,9,3) (D 1,1,1)
0 1 7 34 68 12 (D 1,1,1) (S 23,22,23) (S 41,23,24) (S 22,21,24) (S 21,15,21) (S 10,21,21) (S 34,16,12) (S 7,13,13) (S 14,8,14) (S 32,13,14) (S 36,17,18) (D 1,1,1)
0 1 8 35 64 12 (D 1,1,1) (S 24,4,2) (S 25,4,5) (S 13,6,7) (S 26,7,8) (S 27,8,7) (S 17,10,11) (S 18,11,15) (S 8,16,16) (S 33,15,16) (S 35,16,15) (D 1,1,1)
