561
9
7359775242
3543734606
0 1 1 1 7 3 (D 1,1,1) (S 30,4,5) (D 1,1,1)
0 1 2 9 15 3 (D 1,1,1) (S 3,5,5) (D 1,1,1)
0 1 3 41 83 11 (D 1,1,1) (S 10,16,16) (S 11,17,17) (S 8,14,14) (S 21,13,14) (S 22,14,18) (S 39,16,17) (S 38,12,17) (S 43,18,17) (S 20,12,16) (D 1,1,1)
0 1 4 63 101 9 (D 1,1,1) (S 12,22,22) (S 23,21,23) (S 24,23,24) (S 50,21,24) (S 46,19,22) (S 48,20,21) (S 51,24,21) (D 1,1,1)
0 1 5 28 42 5 (D 1,1,1) (S 13,1,5) (S 16,6,11) (S 26,1,11) (D 1,1,1)
0 1 6 40 54 5 (D 1,1,1) (S 27,1,19) (S 14,1,20) (S 45,19,20) (D 1,1,1)
0 1 7 79 128 15 (D 1,1,1) (S 33,6,5) (S 32,5,6) (S 6,12,12) (S 17,6,12) (S 40,17,12) (S 35,7,6) (S 4,8,8) (S 18,7,8) (S 34,6,7) (S 7,13,13) (S 19,7,13) (S 41,17,13) (S 42,17,16) (D 1,1,1)
0 1 8 75 93 13 (D 1,1,1) (S 37,11,1) (S 44,19,9) (S 25,1,9) (S 5,9,9) (S 2,3,3) (S 29,2,10) (S 36,10,2) (S 1,2,2) (S 15,3,4) (S 28,2,4) (S 31,5,4) (D 1,1,1)
0 1 9 22 38 5 (D 1,1,1) (S 9,15,15) (S 47,20,15) (S 49,21,15) (D 1,1,1)
