197
7
365256879
74992120
0 1 1 19 21 3 (D 1,1,1) (S 1,2,2) (D 1,1,1)
0 1 2 31 43 10 (D 1,1,1) (S 6,9,9) (S 18,2,9) (S 26,7,9) (S 10,4,9) (S 22,6,9) (S 14,1,6) (S 3,6,6) (S 17,2,6) (D 1,1,1)
0 1 3 42 47 10 (D 1,1,1) (S 8,1,10) (S 23,6,10) (S 19,3,10) (S 28,9,10) (S 27,8,10) (S 5,8,8) (S 21,4,8) (S 25,7,8) (D 1,1,1)
0 1 4 18 30 6 (D 1,1,1) (S 7,1,5) (S 11,5,7) (S 4,7,7) (S 20,4,7) (D 1,1,1)
0 1 5 20 24 5 (D 1,1,1) (S 12,1,2) (S 2,3,3) (S 13,1,3) (D 1,1,1)
0 1 6 16 18 5 (D 1,1,1) (S 15,1,11) (S 24,6,11) (S 9,3,11) (D 1,1,1)
0 1 7 8 14 3 (D 1,1,1) (S 16,2,4) (D 1,1,1)
