464
10
2209650548
1880246359
0 1 1 27 53 5 (D 1,1,1) (S 1,3,3) (S 11,3,8) (S 22,6,8) (D 1,1,1)
0 1 2 18 40 3 (D 1,1,1) (S 4,6,6) (D 1,1,1)
0 1 3 7 9 3 (D 1,1,1) (S 17,1,19) (D 1,1,1)
0 1 4 14 30 5 (D 1,1,1) (S 6,15,15) (S 10,1,15) (S 25,13,15) (D 1,1,1)
0 1 5 26 58 7 (D 1,1,1) (S 14,12,13) (S 15,13,14) (S 8,21,21) (S 29,18,21) (S 31,20,21) (D 1,1,1)
0 1 6 48 80 9 (D 1,1,1) (S 16,21,22) (S 34,22,25) (S 32,21,25) (S 30,18,25) (S 26,14,18) (S 5,14,14) (S 20,2,12) (D 1,1,1)
0 1 7 40 70 9 (D 1,1,1) (S 18,1,27) (S 33,22,23) (S 36,23,26) (S 37,25,26) (S 38,26,27) (S 9,24,24) (S 35,23,24) (D 1,1,1)
0 1 8 2 2 3 (D 1,1,1) (S 19,2,1) (D 1,1,1)
0 1 9 16 26 5 (D 1,1,1) (S 7,17,17) (S 27,15,17) (S 28,16,17) (D 1,1,1)
0 1 10 51 96 9 (D 1,1,1) (S 21,5,6) (S 12,4,10) (S 13,10,11) (S 23,7,11) (S 2,4,4) (S 3,5,5) (S 24,8,9) (D 1,1,1)
