557
9
5851457617
4551
0 1 1 78 112 12 (D 1,1,1) (S 3,6,6) (S 32,5,6) (S 33,7,6) (S 6,12,12) (S 30,4,5) (S 16,1,5) (S 1,2,2) (S 35,10,2) (S 19,3,4) (S 31,5,4) (D 1,1,1)
0 1 2 36 76 6 (D 1,1,1) (S 4,7,7) (S 5,8,8) (S 8,14,14) (S 9,15,15) (D 1,1,1)
0 1 3 43 80 13 (D 1,1,1) (S 7,13,13) (S 22,7,13) (S 41,17,18) (S 12,18,18) (S 39,16,17) (S 11,17,17) (S 37,13,17) (S 23,12,16) (S 40,17,16) (S 10,16,16) (S 44,20,15) (D 1,1,1)
0 1 4 31 45 5 (D 1,1,1) (S 13,19,19) (S 28,1,19) (S 38,15,20) (D 1,1,1)
0 1 5 29 45 6 (D 1,1,1) (S 26,1,9) (S 42,19,9) (S 2,3,3) (S 29,2,10) (D 1,1,1)
0 1 6 13 23 3 (D 1,1,1) (S 17,1,20) (D 1,1,1)
0 1 7 45 59 6 (D 1,1,1) (S 18,2,5) (S 20,5,11) (S 21,6,11) (S 27,1,11) (D 1,1,1)
0 1 8 77 111 10 (D 1,1,1) (S 34,9,19) (S 24,21,23) (S 15,23,23) (S 25,22,23) (S 43,19,22) (S 45,20,21) (S 14,21,21) (S 46,24,21) (D 1,1,1)
0 1 9 6 6 3 (D 1,1,1) (S 36,11,1) (D 1,1,1)
