794
10
15981968372
13854833943
0 1 1 28 41 6 (D 1,1,1) (S 6,8,8) (S 45,1,8) (S 54,9,8) (S 46,1,40) (D 1,1,1)
0 1 2 29 41 6 (D 1,1,1) (S 8,11,11) (S 59,12,11) (S 12,16,16) (S 61,15,16) (D 1,1,1)
0 1 3 58 87 10 (D 1,1,1) (S 11,15,15) (S 31,8,14) (S 10,14,14) (S 56,10,9) (S 53,8,9) (S 7,10,10) (S 55,9,10) (S 62,16,10) (D 1,1,1)
0 1 4 87 116 11 (D 1,1,1) (S 19,27,27) (S 20,28,28) (S 35,26,27) (S 36,26,34) (S 37,27,34) (S 73,35,34) (S 42,33,34) (S 24,35,35) (S 72,34,35) (D 1,1,1)
0 1 5 49 59 8 (D 1,1,1) (S 44,1,2) (S 25,36,36) (S 29,2,36) (S 39,29,36) (S 43,35,36) (S 76,37,36) (D 1,1,1)
0 1 6 23 31 4 (D 1,1,1) (S 23,33,33) (S 69,26,33) (D 1,1,1)
0 1 7 13 13 5 (D 1,1,1) (S 47,2,1) (S 57,11,1) (S 80,40,1) (D 1,1,1)
0 1 8 65 83 10 (D 1,1,1) (S 49,2,6) (S 13,17,17) (S 64,18,17) (S 65,20,17) (S 58,11,12) (S 9,12,12) (S 28,1,6) (S 4,6,6) (D 1,1,1)
0 1 9 93 149 17 (D 1,1,1) (S 51,6,2) (S 79,39,38) (S 40,31,38) (S 27,38,38) (S 71,31,37) (S 26,37,37) (S 21,31,31) (S 78,39,5) (S 3,5,5) (S 77,38,39) (S 41,32,39) (S 22,32,32) (S 70,30,31) (S 75,37,30) (S 38,29,30) (D 1,1,1)
0 1 10 114 174 23 (D 1,1,1) (S 52,7,6) (S 5,7,7) (S 30,3,7) (S 60,13,18) (S 32,13,19) (S 17,22,22) (S 67,21,22) (S 33,22,25) (S 34,23,24) (S 18,24,24) (S 16,21,21) (S 68,24,21) (S 66,21,20) (S 15,20,20) (S 14,18,18) (S 63,18,13) (S 50,3,4) (S 2,4,4) (S 1,3,3) (S 48,2,3) (S 74,37,3) (D 1,1,1)
