504
11
5012136630
2704221414
0 1 1 11 17 3 (D 1,1,1) (S 1,2,2) (D 1,1,1)
0 1 2 31 66 6 (D 1,1,1) (S 6,14,14) (S 8,16,16) (S 18,14,16) (S 21,1,17) (D 1,1,1)
0 1 3 22 42 6 (D 1,1,1) (S 4,12,12) (S 5,13,13) (S 7,15,15) (S 33,13,15) (D 1,1,1)
0 1 4 39 81 10 (D 1,1,1) (S 11,23,23) (S 35,21,22) (S 38,22,25) (S 13,25,25) (S 34,15,20) (S 19,20,21) (S 9,18,18) (S 10,21,21) (D 1,1,1)
0 1 5 31 53 6 (D 1,1,1) (S 12,24,24) (S 39,23,24) (S 37,22,23) (S 36,21,23) (D 1,1,1)
0 1 6 7 9 3 (D 1,1,1) (S 14,1,19) (D 1,1,1)
0 1 7 22 52 6 (D 1,1,1) (S 15,3,8) (S 29,6,8) (S 3,6,6) (S 27,5,6) (D 1,1,1)
0 1 8 40 78 9 (D 1,1,1) (S 17,7,11) (S 32,10,11) (S 2,4,4) (S 23,3,4) (S 16,6,10) (S 24,3,6) (S 26,4,6) (D 1,1,1)
0 1 9 8 22 3 (D 1,1,1) (S 20,1,3) (D 1,1,1)
0 1 10 12 26 4 (D 1,1,1) (S 22,1,27) (S 40,26,27) (D 1,1,1)
0 1 11 26 58 6 (D 1,1,1) (S 25,4,5) (S 30,6,9) (S 31,8,9) (S 28,5,9) (D 1,1,1)
