263
8
7430622878
5267862273
0 1 1 3 5 3 (D 1,1,1) (S 18,1,3) (D 1,1,1)
0 1 2 4 6 3 (D 1,1,1) (S 1,3,3) (D 1,1,1)
0 1 3 13 29 5 (D 1,1,1) (S 3,5,5) (S 19,5,11) (S 20,10,11) (D 1,1,1)
0 1 4 18 43 6 (D 1,1,1) (S 4,6,6) (S 5,7,7) (S 29,8,7) (S 6,8,8) (D 1,1,1)
0 1 5 13 21 5 (D 1,1,1) (S 26,2,4) (S 17,1,2) (S 2,4,4) (D 1,1,1)
0 1 6 26 46 9 (D 1,1,1) (S 14,20,20) (S 38,23,24) (S 25,21,24) (S 24,15,21) (S 15,21,21) (S 37,23,20) (S 7,9,9) (D 1,1,1)
0 1 7 29 53 11 (D 1,1,1) (S 27,5,6) (S 31,12,6) (S 8,12,12) (S 28,6,12) (S 32,13,12) (S 21,10,20) (S 16,22,22) (S 13,19,19) (S 36,22,19) (D 1,1,1)
0 1 8 31 60 12 (D 1,1,1) (S 30,11,12) (S 9,13,13) (S 33,13,14) (S 12,18,18) (S 23,14,18) (S 35,17,18) (S 11,16,16) (S 10,15,15) (S 22,11,15) (S 34,16,15) (D 1,1,1)
