503
11
5853653444
5521258351
0 1 1 8 22 3 (D 1,1,1) (S 1,3,3) (D 1,1,1)
0 1 2 17 43 5 (D 1,1,1) (S 5,8,8) (S 30,3,8) (S 34,6,8) (D 1,1,1)
0 1 3 9 17 3 (D 1,1,1) (S 27,2,12) (D 1,1,1)
0 1 4 7 9 3 (D 1,1,1) (S 10,19,19) (D 1,1,1)
0 1 5 23 43 6 (D 1,1,1) (S 14,26,26) (S 21,23,26) (S 15,27,27) (S 22,24,27) (D 1,1,1)
0 1 6 22 44 6 (D 1,1,1) (S 25,1,24) (S 12,23,23) (S 43,21,23) (S 45,22,23) (D 1,1,1)
0 1 7 49 94 10 (D 1,1,1) (S 23,1,15) (S 7,15,15) (S 39,13,15) (S 24,1,17) (S 8,16,16) (S 6,14,14) (S 9,18,18) (S 18,14,18) (D 1,1,1)
0 1 8 2 2 3 (D 1,1,1) (S 26,2,1) (D 1,1,1)
0 1 9 41 85 10 (D 1,1,1) (S 29,3,6) (S 35,6,10) (S 36,10,11) (S 32,4,10) (S 28,3,4) (S 2,4,4) (S 4,7,7) (S 16,6,7) (D 1,1,1)
0 1 10 30 62 6 (D 1,1,1) (S 31,4,5) (S 17,6,9) (S 33,5,9) (S 3,5,5) (D 1,1,1)
0 1 11 41 82 13 (D 1,1,1) (S 37,12,13) (S 20,20,21) (S 11,21,21) (S 41,14,21) (S 40,14,20) (S 42,15,20) (S 38,13,14) (S 13,25,25) (S 19,18,25) (S 44,21,25) (S 46,22,25) (D 1,1,1)
