235
10
803698662
3150
0 1 1 15 19 3 (D 1,1,1) (S 1,2,2) (D 1,1,1)
0 1 2 24 26 4 (D 1,1,1) (S 2,3,3) (S 15,1,3) (D 1,1,1)
0 1 3 21 25 4 (D 1,1,1) (S 3,4,4) (S 25,3,4) (D 1,1,1)
0 1 4 17 19 5 (D 1,1,1) (S 4,5,5) (S 22,2,5) (S 28,4,5) (D 1,1,1)
0 1 5 11 13 4 (D 1,1,1) (S 5,6,6) (S 16,1,6) (D 1,1,1)
0 1 6 23 25 6 (D 1,1,1) (S 6,7,7) (S 9,4,7) (S 11,5,7) (S 17,1,7) (D 1,1,1)
0 1 7 17 19 6 (D 1,1,1) (S 7,8,8) (S 13,6,8) (S 12,5,8) (S 18,1,8) (D 1,1,1)
0 1 8 16 20 6 (D 1,1,1) (S 10,4,9) (S 23,2,9) (S 8,9,9) (S 14,7,9) (D 1,1,1)
0 1 9 35 39 8 (D 1,1,1) (S 21,2,3) (S 27,3,10) (S 30,5,10) (S 32,7,10) (S 33,9,10) (S 19,1,10) (D 1,1,1)
0 1 10 26 30 7 (D 1,1,1) (S 26,3,7) (S 20,1,11) (S 31,5,11) (S 24,2,11) (S 29,4,11) (D 1,1,1)
