197
7
1540732683
1164552684
0 1 1 13 15 3 (D 1,1,1) (S 1,2,2) (D 1,1,1)
0 1 2 40 45 10 (D 1,1,1) (S 5,8,8) (S 17,1,8) (S 26,4,8) (S 30,7,8) (S 11,3,10) (S 12,6,10) (S 18,1,10) (S 31,7,10) (D 1,1,1)
0 1 3 42 54 11 (D 1,1,1) (S 6,9,9) (S 8,1,9) (S 27,4,9) (S 13,7,9) (S 22,2,9) (S 3,6,6) (S 10,3,6) (S 21,2,6) (S 15,1,6) (D 1,1,1)
0 1 4 8 10 3 (D 1,1,1) (S 7,11,11) (D 1,1,1)
0 1 5 18 26 5 (D 1,1,1) (S 9,2,4) (S 2,3,3) (S 19,2,3) (D 1,1,1)
0 1 6 25 37 9 (D 1,1,1) (S 16,1,7) (S 4,7,7) (S 25,4,7) (S 28,5,7) (S 14,1,5) (S 23,3,5) (S 20,2,5) (D 1,1,1)
0 1 7 8 10 4 (D 1,1,1) (S 24,3,11) (S 29,6,11) (D 1,1,1)
