811
11
10933082795
3851
0 1 1 51 77 9 (D 1,1,1) (S 1,2,2) (S 2,3,3) (S 24,37,37) (S 47,3,37) (S 68,31,37) (S 38,29,30) (S 73,37,30) (D 1,1,1)
0 1 2 63 111 14 (D 1,1,1) (S 26,39,39) (S 40,32,39) (S 49,5,39) (S 75,38,39) (S 76,39,5) (S 46,3,4) (S 69,32,31) (S 67,30,31) (S 20,31,31) (S 25,38,38) (S 74,37,38) (S 72,37,3) (D 1,1,1)
0 1 3 18 26 5 (D 1,1,1) (S 27,40,40) (S 44,1,40) (S 51,8,40) (D 1,1,1)
0 1 4 57 82 9 (D 1,1,1) (S 33,14,15) (S 57,16,15) (S 7,9,9) (S 50,8,9) (S 52,10,9) (S 55,15,9) (S 6,8,8) (D 1,1,1)
0 1 5 51 69 9 (D 1,1,1) (S 9,11,11) (S 43,1,11) (S 54,12,11) (S 12,16,16) (S 32,11,16) (S 56,15,16) (S 8,10,10) (D 1,1,1)
0 1 6 75 104 10 (D 1,1,1) (S 17,26,26) (S 70,33,26) (S 18,27,27) (S 19,28,28) (S 37,27,34) (S 41,33,34) (S 21,33,33) (S 65,26,33) (D 1,1,1)
0 1 7 35 43 6 (D 1,1,1) (S 22,35,35) (S 66,28,35) (S 29,1,35) (S 71,34,35) (D 1,1,1)
0 1 8 41 51 6 (D 1,1,1) (S 23,36,36) (S 30,2,36) (S 39,29,36) (S 42,35,36) (D 1,1,1)
0 1 9 2 2 3 (D 1,1,1) (S 45,2,1) (D 1,1,1)
0 1 10 51 69 7 (D 1,1,1) (S 28,1,6) (S 10,12,12) (S 53,11,12) (S 60,20,17) (S 4,6,6) (D 1,1,1)
0 1 11 115 177 20 (D 1,1,1) (S 31,7,13) (S 13,18,18) (S 62,21,22) (S 36,24,25) (S 35,22,25) (S 14,20,20) (S 61,21,20) (S 16,23,23) (S 63,21,24) (S 64,24,21) (S 15,22,22) (S 34,18,19) (S 59,18,13) (S 58,17,13) (S 11,13,13) (S 5,7,7) (S 3,4,4) (S 48,5,4) (D 1,1,1)
