301
11
1945102384
1668524085
0 1 1 23 25 3 (D 1,1,1) (S 1,2,2) (D 1,1,1)
0 1 2 8 10 3 (D 1,1,1) (S 9,11,11) (D 1,1,1)
0 1 3 18 22 6 (D 1,1,1) (S 13,5,10) (S 14,6,10) (S 35,4,10) (S 22,1,10) (D 1,1,1)
0 1 4 7 9 3 (D 1,1,1) (S 18,1,2) (D 1,1,1)
0 1 5 26 28 7 (D 1,1,1) (S 7,8,8) (S 10,3,8) (S 12,5,8) (S 27,2,8) (S 33,4,8) (D 1,1,1)
0 1 6 27 31 7 (D 1,1,1) (S 8,9,9) (S 34,4,9) (S 39,6,9) (S 42,8,9) (S 40,7,9) (D 1,1,1)
0 1 7 21 23 7 (D 1,1,1) (S 15,7,11) (S 17,10,11) (S 36,4,11) (S 44,8,11) (S 38,5,11) (D 1,1,1)
0 1 8 27 31 7 (D 1,1,1) (S 16,9,10) (S 28,2,10) (S 31,3,10) (S 41,7,10) (S 43,8,10) (D 1,1,1)
0 1 9 53 60 12 (D 1,1,1) (S 6,7,7) (S 26,2,7) (S 37,5,7) (S 30,3,7) (S 2,3,3) (S 19,1,3) (S 23,2,3) (S 4,5,5) (S 21,1,5) (S 32,4,5) (D 1,1,1)
0 1 10 7 9 3 (D 1,1,1) (S 3,4,4) (D 1,1,1)
0 1 11 49 53 8 (D 1,1,1) (S 20,1,4) (S 24,2,4) (S 29,3,4) (S 11,5,6) (S 25,2,6) (S 5,6,6) (D 1,1,1)
