690
10
10043580924
4757464437
0 1 1 9 9 4 (D 1,1,1) (S 38,2,1) (S 61,30,1) (D 1,1,1)
0 1 2 26 32 5 (D 1,1,1) (S 36,1,2) (S 39,3,2) (S 2,3,3) (D 1,1,1)
0 1 3 50 106 8 (D 1,1,1) (S 3,4,4) (S 55,18,21) (S 57,19,20) (S 30,20,22) (S 31,21,22) (S 58,19,22) (D 1,1,1)
0 1 4 54 77 8 (D 1,1,1) (S 5,7,7) (S 40,5,6) (S 41,5,31) (S 22,31,31) (S 21,29,29) (S 62,30,29) (D 1,1,1)
0 1 5 6 14 3 (D 1,1,1) (S 37,1,30) (D 1,1,1)
0 1 6 68 98 12 (D 1,1,1) (S 23,1,31) (S 17,24,24) (S 16,23,23) (S 18,25,25) (S 32,23,25) (S 20,27,27) (S 19,26,26) (S 59,23,26) (S 60,28,26) (S 33,26,27) (D 1,1,1)
0 1 7 54 85 9 (D 1,1,1) (S 10,13,13) (S 25,4,13) (S 9,12,12) (S 28,8,12) (S 47,11,12) (S 24,2,8) (S 1,2,2) (D 1,1,1)
0 1 8 32 40 8 (D 1,1,1) (S 34,28,31) (S 26,6,31) (S 35,29,31) (S 4,5,5) (S 42,6,5) (S 46,10,5) (D 1,1,1)
0 1 9 82 116 13 (D 1,1,1) (S 44,7,6) (S 8,11,11) (S 43,6,11) (S 48,12,11) (S 53,17,11) (S 7,10,10) (S 50,14,10) (S 11,15,15) (S 51,14,15) (S 12,17,17) (S 52,16,17) (D 1,1,1)
0 1 10 70 113 12 (D 1,1,1) (S 45,9,4) (S 56,19,18) (S 49,12,18) (S 13,18,18) (S 15,21,21) (S 14,19,19) (S 29,13,19) (S 54,18,19) (S 6,9,9) (S 27,8,9) (D 1,1,1)
