258
8
11192326594
7826770831
0 1 1 4 8 3 (D 1,1,1) (S 1,2,2) (D 1,1,1)
0 1 2 3 5 3 (D 1,1,1) (S 2,3,3) (D 1,1,1)
0 1 3 6 12 4 (D 1,1,1) (S 3,4,4) (S 14,3,4) (D 1,1,1)
0 1 4 34 62 10 (D 1,1,1) (S 5,6,6) (S 6,7,7) (S 28,8,7) (S 7,8,8) (S 16,6,7) (S 27,5,6) (S 4,5,5) (S 26,4,5) (D 1,1,1)
0 1 5 17 37 8 (D 1,1,1) (S 9,11,11) (S 18,10,11) (S 32,16,15) (S 13,16,16) (S 30,15,16) (S 20,11,15) (D 1,1,1)
0 1 6 25 53 10 (D 1,1,1) (S 11,13,13) (S 29,13,14) (S 12,14,14) (S 33,17,18) (S 34,18,17) (S 21,13,17) (S 31,16,12) (S 10,12,12) (D 1,1,1)
0 1 7 17 30 6 (D 1,1,1) (S 15,5,10) (S 8,9,9) (S 17,9,19) (S 38,22,19) (D 1,1,1)
0 1 8 31 51 12 (D 1,1,1) (S 25,2,4) (S 19,10,20) (S 35,19,20) (S 37,21,20) (S 39,23,20) (S 24,22,23) (S 36,20,23) (S 23,21,24) (S 40,23,24) (S 22,15,21) (D 1,1,1)
