262
7
8087602333
1028175780
0 1 1 1 5 3 (D 1,1,1) (S 1,2,2) (D 1,1,1)
0 1 2 3 5 3 (D 1,1,1) (S 2,3,3) (D 1,1,1)
0 1 3 16 34 8 (D 1,1,1) (S 3,4,4) (S 8,11,11) (S 19,10,11) (S 30,12,11) (S 9,15,15) (S 35,16,15) (D 1,1,1)
0 1 4 4 8 3 (D 1,1,1) (S 13,1,2) (D 1,1,1)
0 1 5 38 69 12 (D 1,1,1) (S 14,3,4) (S 29,12,6) (S 32,13,12) (S 28,11,12) (S 16,8,14) (S 33,13,14) (S 34,16,12) (S 4,5,5) (S 7,10,10) (S 6,9,9) (D 1,1,1)
0 1 6 38 60 13 (D 1,1,1) (S 17,9,10) (S 18,9,19) (S 11,19,19) (S 39,22,19) (S 38,21,20) (S 40,23,20) (S 37,20,23) (S 24,22,23) (S 41,23,24) (S 22,15,21) (S 12,21,21) (D 1,1,1)
0 1 7 37 81 13 (D 1,1,1) (S 26,6,12) (S 20,13,17) (S 21,14,18) (S 10,17,17) (S 23,16,17) (S 36,18,17) (S 31,12,13) (S 25,4,5) (S 15,6,7) (S 5,8,8) (S 27,7,8) (D 1,1,1)
