307
12
2897552585
9802
0 1 1 16 18 4 (D 1,1,1) (S 1,2,2) (S 9,1,2) (D 1,1,1)
0 1 2 10 12 4 (D 1,1,1) (S 17,6,11) (S 23,1,11) (D 1,1,1)
0 1 3 5 7 4 (D 1,1,1) (S 3,4,4) (S 10,1,4) (D 1,1,1)
0 1 4 53 60 11 (D 1,1,1) (S 5,7,7) (S 27,2,7) (S 33,3,7) (S 38,4,7) (S 45,6,7) (S 21,1,7) (S 4,5,5) (S 13,4,5) (S 19,1,5) (D 1,1,1)
0 1 5 16 18 3 (D 1,1,1) (S 6,8,8) (D 1,1,1)
0 1 6 12 16 3 (D 1,1,1) (S 7,9,9) (D 1,1,1)
0 1 7 32 36 8 (D 1,1,1) (S 8,10,10) (S 29,2,10) (S 36,3,10) (S 41,4,10) (S 46,6,10) (S 22,1,10) (D 1,1,1)
0 1 8 12 14 4 (D 1,1,1) (S 11,1,8) (S 15,6,8) (D 1,1,1)
0 1 9 41 49 12 (D 1,1,1) (S 16,6,9) (S 35,3,9) (S 14,5,9) (S 40,4,9) (S 47,7,9) (S 2,3,3) (S 12,2,3) (S 18,1,3) (S 25,2,5) (S 32,3,5) (D 1,1,1)
0 1 10 22 24 6 (D 1,1,1) (S 28,2,8) (S 39,4,8) (S 43,5,8) (S 34,3,8) (D 1,1,1)
0 1 11 24 28 6 (D 1,1,1) (S 24,2,4) (S 20,1,6) (S 26,2,6) (S 31,3,4) (D 1,1,1)
0 1 12 23 25 7 (D 1,1,1) (S 30,2,11) (S 37,3,11) (S 42,4,11) (S 48,8,11) (S 44,5,11) (D 1,1,1)
