197
7
4439624401
1335978449
0 1 1 25 27 3 (D 1,1,1) (S 1,2,2) (D 1,1,1)
0 1 2 10 16 3 (D 1,1,1) (S 2,4,4) (D 1,1,1)
0 1 3 43 55 9 (D 1,1,1) (S 4,7,7) (S 10,5,7) (S 14,1,7) (S 22,6,7) (S 13,1,5) (S 17,3,5) (S 16,2,5) (D 1,1,1)
0 1 4 19 24 7 (D 1,1,1) (S 5,8,8) (S 15,1,10) (S 23,6,10) (S 19,3,10) (S 24,8,10) (D 1,1,1)
0 1 5 33 45 8 (D 1,1,1) (S 6,9,9) (S 11,6,9) (S 9,2,9) (S 21,4,9) (S 3,6,6) (S 18,3,6) (D 1,1,1)
0 1 6 15 17 4 (D 1,1,1) (S 7,11,11) (S 20,3,11) (D 1,1,1)
0 1 7 9 13 4 (D 1,1,1) (S 8,1,3) (S 12,1,2) (D 1,1,1)
