931
10
6621068093
1433080784
0 1 1 18 24 3 (D 1,1,1) (S 3,5,5) (D 1,1,1)
0 1 2 65 96 10 (D 1,1,1) (S 5,8,8) (S 24,1,8) (S 2,4,4) (S 4,7,7) (S 40,4,7) (S 41,6,7) (S 25,4,6) (S 43,7,6) (D 1,1,1)
0 1 3 9 17 3 (D 1,1,1) (S 23,1,2) (D 1,1,1)
0 1 4 127 186 13 (D 1,1,1) (S 12,17,17) (S 35,22,25) (S 60,25,30) (S 19,26,26) (S 36,26,30) (S 22,30,30) (S 27,10,15) (S 6,9,9) (S 38,2,9) (S 26,8,9) (S 7,10,10) (D 1,1,1)
0 1 5 70 147 10 (D 1,1,1) (S 14,20,20) (S 20,27,27) (S 33,20,27) (S 55,21,24) (S 18,24,24) (S 63,29,28) (S 34,21,28) (S 17,23,23) (D 1,1,1)
0 1 6 59 105 6 (D 1,1,1) (S 32,17,22) (S 58,23,22) (S 29,16,17) (S 10,14,14) (D 1,1,1)
0 1 7 3 11 3 (D 1,1,1) (S 39,3,2) (D 1,1,1)
0 1 8 15 29 4 (D 1,1,1) (S 1,3,3) (S 37,2,3) (D 1,1,1)
0 1 9 84 132 13 (D 1,1,1) (S 47,13,8) (S 9,12,12) (S 51,16,13) (S 52,17,13) (S 46,12,11) (S 49,16,11) (S 42,6,11) (S 8,11,11) (S 50,16,12) (S 45,11,12) (S 44,8,13) (D 1,1,1)
0 1 10 116 184 18 (D 1,1,1) (S 48,13,16) (S 62,29,21) (S 54,20,21) (S 57,22,21) (S 30,16,21) (S 15,21,21) (S 61,28,29) (S 59,25,29) (S 56,21,29) (S 21,29,29) (S 16,22,22) (S 13,18,18) (S 31,17,18) (S 28,15,19) (S 11,15,15) (S 53,18,15) (D 1,1,1)
