375
7
3943167547
3498409960
0 1 1 19 41 4 (D 1,1,1) (S 6,9,9) (S 23,6,9) (D 1,1,1)
0 1 2 51 69 8 (D 1,1,1) (S 4,7,7) (S 10,6,7) (S 11,8,10) (S 25,7,10) (S 26,9,10) (S 8,1,7) (D 1,1,1)
0 1 3 44 62 6 (D 1,1,1) (S 2,4,4) (S 7,1,4) (S 1,2,2) (S 19,4,2) (D 1,1,1)
0 1 4 32 46 5 (D 1,1,1) (S 12,1,5) (S 20,4,5) (S 3,5,5) (D 1,1,1)
0 1 5 29 47 6 (D 1,1,1) (S 13,1,6) (S 17,3,6) (S 21,5,6) (S 14,2,3) (D 1,1,1)
0 1 6 16 16 3 (D 1,1,1) (S 16,3,1) (D 1,1,1)
0 1 7 54 94 8 (D 1,1,1) (S 18,3,7) (S 22,5,7) (S 9,3,8) (S 15,2,8) (S 24,7,8) (S 5,8,8) (D 1,1,1)
