377
7
87547056
4201
0 1 1 35 53 4 (D 1,1,1) (S 1,2,2) (S 18,4,2) (D 1,1,1)
0 1 2 16 16 3 (D 1,1,1) (S 15,3,1) (D 1,1,1)
0 1 3 26 40 4 (D 1,1,1) (S 4,5,5) (S 12,1,5) (D 1,1,1)
0 1 4 25 43 5 (D 1,1,1) (S 2,3,3) (S 5,6,6) (S 16,3,6) (D 1,1,1)
0 1 5 56 98 7 (D 1,1,1) (S 8,2,8) (S 11,7,8) (S 14,1,8) (S 3,4,4) (S 9,3,4) (D 1,1,1)
0 1 6 39 61 6 (D 1,1,1) (S 17,4,1) (S 7,9,9) (S 10,6,9) (S 21,8,9) (D 1,1,1)
0 1 7 48 66 8 (D 1,1,1) (S 19,5,7) (S 20,7,10) (S 22,8,10) (S 23,9,10) (S 6,7,7) (S 13,1,7) (D 1,1,1)
