468
11
3399873965
3851
0 1 1 31 62 8 (D 1,1,1) (S 12,1,3) (S 24,3,6) (S 4,7,7) (S 30,6,7) (S 28,5,6) (S 29,5,9) (D 1,1,1)
0 1 2 30 54 7 (D 1,1,1) (S 3,6,6) (S 26,4,10) (S 32,6,10) (S 34,10,11) (S 23,3,4) (D 1,1,1)
0 1 3 26 66 7 (D 1,1,1) (S 6,14,14) (S 37,13,14) (S 7,16,16) (S 39,14,16) (S 35,12,13) (D 1,1,1)
0 1 4 20 28 3 (D 1,1,1) (S 2,4,4) (D 1,1,1)
0 1 5 2 8 3 (D 1,1,1) (S 1,2,2) (D 1,1,1)
0 1 6 13 25 5 (D 1,1,1) (S 11,24,24) (S 15,8,24) (S 18,23,24) (D 1,1,1)
0 1 7 40 56 9 (D 1,1,1) (S 19,26,27) (S 5,8,8) (S 25,3,8) (S 31,6,8) (S 33,8,27) (S 13,1,27) (S 45,24,27) (D 1,1,1)
0 1 8 27 43 6 (D 1,1,1) (S 21,1,17) (S 20,1,15) (S 38,13,15) (S 40,15,17) (D 1,1,1)
0 1 9 9 11 5 (D 1,1,1) (S 22,1,19) (S 27,4,19) (S 36,12,19) (D 1,1,1)
0 1 10 9 15 3 (D 1,1,1) (S 14,2,12) (D 1,1,1)
0 1 11 51 100 12 (D 1,1,1) (S 8,20,20) (S 41,15,20) (S 9,21,21) (S 16,18,21) (S 44,23,26) (S 46,25,26) (S 10,22,22) (S 43,21,23) (S 17,21,25) (S 42,18,25) (D 1,1,1)
