452
11
9440878523
3590852464
0 1 1 9 15 3 (D 1,1,1) (S 1,2,2) (D 1,1,1)
0 1 2 8 18 4 (D 1,1,1) (S 20,15,17) (S 36,16,17) (D 1,1,1)
0 1 3 16 30 3 (D 1,1,1) (S 2,3,3) (D 1,1,1)
0 1 4 35 49 6 (D 1,1,1) (S 7,12,12) (S 5,6,6) (S 26,3,6) (S 3,4,4) (D 1,1,1)
0 1 5 46 82 10 (D 1,1,1) (S 8,13,13) (S 12,21,21) (S 19,14,21) (S 37,18,21) (S 11,20,20) (S 35,14,20) (S 38,18,25) (S 40,25,26) (D 1,1,1)
0 1 6 14 30 4 (D 1,1,1) (S 10,15,15) (S 34,13,15) (D 1,1,1)
0 1 7 26 57 7 (D 1,1,1) (S 14,23,23) (S 22,22,23) (S 21,21,22) (S 13,22,22) (S 9,14,14) (D 1,1,1)
0 1 8 8 18 3 (D 1,1,1) (S 17,1,17) (D 1,1,1)
0 1 9 27 47 7 (D 1,1,1) (S 23,1,19) (S 25,3,4) (S 28,4,10) (S 18,7,11) (S 32,10,11) (D 1,1,1)
0 1 10 47 63 10 (D 1,1,1) (S 24,2,1) (S 15,24,24) (S 31,8,24) (S 39,23,24) (S 6,8,8) (S 30,6,8) (S 16,27,27) (S 41,26,27) (D 1,1,1)
0 1 11 22 43 6 (D 1,1,1) (S 27,4,6) (S 4,5,5) (S 29,5,9) (S 33,12,19) (D 1,1,1)
