534
8
323842850
138238735
0 1 1 23 33 3 (D 1,1,1) (S 1,2,2) (D 1,1,1)
0 1 2 7 45 3 (D 1,1,1) (S 8,2,8) (D 1,1,1)
0 1 3 11 37 4 (D 1,1,1) (S 7,2,6) (S 14,3,6) (D 1,1,1)
0 1 4 31 105 4 (D 1,1,1) (S 5,11,11) (S 16,4,11) (D 1,1,1)
0 1 5 37 133 9 (D 1,1,1) (S 6,12,12) (S 19,6,12) (S 21,8,12) (S 22,11,13) (S 20,8,9) (S 3,9,9) (S 2,7,7) (D 1,1,1)
0 1 6 25 39 4 (D 1,1,1) (S 10,1,3) (S 13,2,3) (D 1,1,1)
0 1 7 15 35 3 (D 1,1,1) (S 11,1,4) (D 1,1,1)
0 1 8 63 107 8 (D 1,1,1) (S 12,1,5) (S 15,4,10) (S 17,5,10) (S 18,6,10) (S 4,10,10) (S 9,4,5) (D 1,1,1)
