198
7
1131748314
231999716
0 1 1 21 23 4 (D 1,1,1) (S 1,2,2) (S 13,1,2) (D 1,1,1)
0 1 2 22 26 3 (D 1,1,1) (S 2,3,3) (D 1,1,1)
0 1 3 23 29 4 (D 1,1,1) (S 3,4,4) (S 16,2,4) (D 1,1,1)
0 1 4 29 41 7 (D 1,1,1) (S 5,6,6) (S 11,6,9) (S 18,2,9) (S 22,7,9) (S 9,1,9) (D 1,1,1)
0 1 5 19 23 6 (D 1,1,1) (S 7,8,8) (S 15,1,8) (S 17,2,8) (S 21,7,8) (D 1,1,1)
0 1 6 30 44 9 (D 1,1,1) (S 8,10,10) (S 23,7,10) (S 24,9,10) (S 6,7,7) (S 19,4,7) (S 4,5,5) (S 14,1,5) (D 1,1,1)
0 1 7 10 12 5 (D 1,1,1) (S 10,1,11) (S 12,7,11) (S 20,6,11) (D 1,1,1)
