239
7
2421841957
2059533270
0 1 1 9 15 5 (D 1,1,1) (S 1,2,2) (S 25,4,2) (S 3,4,4) (D 1,1,1)
0 1 2 3 5 3 (D 1,1,1) (S 2,3,3) (D 1,1,1)
0 1 3 31 44 8 (D 1,1,1) (S 4,5,5) (S 7,10,10) (S 18,5,10) (S 6,9,9) (S 21,9,19) (S 36,22,19) (D 1,1,1)
0 1 4 4 8 3 (D 1,1,1) (S 16,1,2) (D 1,1,1)
0 1 5 33 62 14 (D 1,1,1) (S 17,3,4) (S 9,12,12) (S 10,13,13) (S 26,6,12) (S 8,11,11) (S 30,12,11) (S 5,7,7) (S 19,6,7) (S 27,8,7) (S 29,12,6) (S 28,11,12) (S 32,16,12) (D 1,1,1)
0 1 6 38 69 10 (D 1,1,1) (S 20,8,14) (S 31,13,14) (S 23,14,18) (S 13,17,17) (S 33,18,17) (S 12,16,16) (S 14,21,21) (S 11,15,15) (D 1,1,1)
0 1 7 19 36 7 (D 1,1,1) (S 22,10,20) (S 24,22,23) (S 15,23,23) (S 35,20,23) (S 34,19,20) (D 1,1,1)
