366
7
3787891895
436033795
0 1 1 48 66 7 (D 1,1,1) (S 6,7,7) (S 8,5,7) (S 9,6,7) (S 12,1,7) (S 24,8,10) (D 1,1,1)
0 1 2 63 84 7 (D 1,1,1) (S 4,5,5) (S 21,4,5) (S 16,2,5) (S 3,4,4) (S 1,2,2) (D 1,1,1)
0 1 3 35 55 7 (D 1,1,1) (S 5,6,6) (S 22,5,6) (S 15,2,3) (S 2,3,3) (S 18,3,6) (D 1,1,1)
0 1 4 31 53 5 (D 1,1,1) (S 7,9,9) (S 11,7,9) (S 23,8,9) (D 1,1,1)
0 1 5 26 66 5 (D 1,1,1) (S 10,7,8) (S 13,1,8) (S 19,3,7) (D 1,1,1)
0 1 6 29 29 4 (D 1,1,1) (S 14,2,1) (S 17,3,1) (D 1,1,1)
0 1 7 13 13 3 (D 1,1,1) (S 20,4,1) (D 1,1,1)
