379
8
287025633
227597909
0 1 1 38 80 6 (D 1,1,1) (S 1,2,2) (S 17,4,2) (S 11,1,8) (S 19,7,8) (D 1,1,1)
0 1 2 35 47 3 (D 1,1,1) (S 3,4,4) (D 1,1,1)
0 1 3 29 43 4 (D 1,1,1) (S 4,5,5) (S 15,2,5) (D 1,1,1)
0 1 4 35 53 4 (D 1,1,1) (S 6,7,7) (S 21,8,10) (D 1,1,1)
0 1 5 31 53 6 (D 1,1,1) (S 7,9,9) (S 12,1,9) (S 10,8,9) (S 20,7,9) (D 1,1,1)
0 1 6 8 16 3 (D 1,1,1) (S 9,6,7) (D 1,1,1)
0 1 7 13 13 3 (D 1,1,1) (S 13,2,1) (D 1,1,1)
0 1 8 56 74 8 (D 1,1,1) (S 14,2,3) (S 5,6,6) (S 8,1,6) (S 16,3,6) (S 18,5,6) (S 2,3,3) (D 1,1,1)
