197
7
2273463275
2068363842
0 1 1 14 16 3 (D 1,1,1) (S 1,2,2) (D 1,1,1)
0 1 2 24 32 5 (D 1,1,1) (S 2,3,3) (S 3,4,4) (S 9,2,4) (D 1,1,1)
0 1 3 37 49 9 (D 1,1,1) (S 5,7,7) (S 15,1,7) (S 11,5,7) (S 22,6,7) (S 4,5,5) (S 10,2,5) (S 19,3,5) (D 1,1,1)
0 1 4 6 8 3 (D 1,1,1) (S 13,1,2) (D 1,1,1)
0 1 5 32 37 8 (D 1,1,1) (S 7,10,10) (S 28,9,10) (S 24,6,10) (S 12,8,10) (S 26,7,8) (S 6,8,8) (D 1,1,1)
0 1 6 25 37 9 (D 1,1,1) (S 14,1,6) (S 17,2,6) (S 8,1,9) (S 18,2,9) (S 23,6,9) (S 27,7,9) (S 21,4,9) (D 1,1,1)
0 1 7 16 18 5 (D 1,1,1) (S 20,3,11) (S 16,1,11) (S 25,6,11) (D 1,1,1)
