75846
37
102992460712
25955017101
0 1 1 1026 1262 5 (D 1,1,1) (S 2,3,3) (S 124,2,3) (S 131,12,3) (D 1,1,1)
0 1 2 485 561 3 (D 1,1,1) (S 1,2,2) (D 1,1,1)
0 1 3 217 259 3 (D 1,1,1) (S 6,8,8) (D 1,1,1)
0 1 4 847 1031 5 (D 1,1,1) (S 8,10,10) (S 67,10,11) (S 9,11,11) (D 1,1,1)
0 1 5 703 1032 4 (D 1,1,1) (S 11,13,13) (S 61,4,13) (D 1,1,1)
0 1 6 245 465 3 (D 1,1,1) (S 10,12,12) (D 1,1,1)
0 1 7 1574 1993 7 (D 1,1,1) (S 4,5,5) (S 60,4,5) (S 133,14,5) (S 3,4,4) (S 59,3,4) (D 1,1,1)
0 1 8 376 683 5 (D 1,1,1) (S 16,18,18) (S 68,11,18) (S 148,27,18) (D 1,1,1)
0 1 9 1446 1978 6 (D 1,1,1) (S 20,22,22) (S 155,31,22) (S 18,20,20) (S 72,13,20) (D 1,1,1)
0 1 10 1555 1954 6 (D 1,1,1) (S 22,26,26) (S 77,18,26) (S 149,27,26) (S 76,17,26) (D 1,1,1)
0 1 11 1249 1788 5 (D 1,1,1) (S 5,6,6) (S 62,5,6) (S 63,6,7) (D 1,1,1)
0 1 12 1450 1931 7 (D 1,1,1) (S 29,34,34) (S 89,28,37) (S 38,43,43) (S 98,37,43) (S 32,37,37) (D 1,1,1)
0 1 13 613 857 4 (D 1,1,1) (S 15,17,17) (S 130,10,17) (D 1,1,1)
0 1 14 1276 1794 5 (D 1,1,1) (S 90,28,38) (S 30,35,35) (S 94,34,35) (D 1,1,1)
0 1 15 2810 3686 13 (D 1,1,1) (S 39,44,44) (S 42,47,47) (S 43,48,48) (S 110,47,48) (S 167,39,48) (S 40,45,45) (S 97,36,45) (S 47,52,52) (S 107,45,52) (S 49,54,54) (S 118,52,54) (D 1,1,1)
0 1 16 2978 3824 13 (D 1,1,1) (S 48,53,53) (S 119,53,55) (S 120,54,55) (S 178,56,55) (S 51,56,56) (S 177,55,56) (S 50,55,55) (S 41,46,46) (S 24,28,28) (S 79,19,28) (S 87,27,28) (D 1,1,1)
0 1 17 3112 4166 14 (D 1,1,1) (S 100,39,40) (S 102,40,49) (S 112,48,49) (S 122,57,58) (S 53,58,58) (S 173,49,58) (S 180,59,58) (S 44,49,49) (S 34,39,39) (S 165,38,39) (S 172,48,39) (S 152,29,39) (D 1,1,1)
0 1 18 1581 2407 8 (D 1,1,1) (S 132,12,19) (S 21,24,24) (S 135,16,24) (S 141,23,24) (S 159,33,24) (S 138,20,25) (D 1,1,1)
0 1 19 522 676 4 (D 1,1,1) (S 56,1,2) (S 125,3,2) (D 1,1,1)
0 1 20 555 618 3 (D 1,1,1) (S 57,1,8) (D 1,1,1)
0 1 21 1271 1444 5 (D 1,1,1) (S 58,2,9) (S 7,9,9) (S 65,8,9) (D 1,1,1)
0 1 22 59 224 3 (D 1,1,1) (S 66,9,11) (D 1,1,1)
0 1 23 2833 3621 11 (D 1,1,1) (S 69,12,13) (S 12,14,14) (S 70,13,14) (S 127,5,14) (S 140,23,15) (S 14,16,16) (S 75,15,16) (S 128,7,16) (S 142,24,16) (D 1,1,1)
0 1 24 2916 3611 8 (D 1,1,1) (S 78,19,20) (S 74,14,22) (S 82,21,22) (S 13,15,15) (S 64,6,15) (S 73,14,15) (D 1,1,1)
0 1 25 1586 2009 6 (D 1,1,1) (S 86,26,34) (S 163,36,34) (S 31,36,36) (S 161,34,36) (D 1,1,1)
0 1 26 494 855 5 (D 1,1,1) (S 23,27,27) (S 162,35,27) (S 147,26,27) (D 1,1,1)
0 1 27 1925 2560 7 (D 1,1,1) (S 99,38,44) (S 105,44,47) (S 108,46,47) (S 104,43,44) (S 33,38,38) (D 1,1,1)
0 1 28 2752 3810 12 (D 1,1,1) (S 101,40,41) (S 174,50,41) (S 93,33,42) (S 103,41,42) (S 175,51,42) (S 158,32,33) (S 28,33,33) (S 134,15,23) (S 83,22,23) (S 143,24,23) (D 1,1,1)
0 1 29 1614 2248 7 (D 1,1,1) (S 109,46,53) (S 117,52,53) (S 106,45,46) (S 170,43,46) (S 171,46,43) (D 1,1,1)
0 1 30 1610 2376 6 (D 1,1,1) (S 111,47,56) (S 52,57,57) (S 121,56,57) (S 113,48,57) (D 1,1,1)
0 1 31 3108 4123 12 (D 1,1,1) (S 126,3,12) (S 37,42,42) (S 46,51,51) (S 115,50,51) (S 169,42,51) (S 25,29,29) (S 81,20,29) (S 166,39,29) (S 88,28,29) (S 153,30,29) (D 1,1,1)
0 1 32 393 557 3 (D 1,1,1) (S 129,8,10) (D 1,1,1)
0 1 33 1539 2039 7 (D 1,1,1) (S 136,17,11) (S 17,19,19) (S 71,13,19) (S 137,18,19) (S 150,29,19) (D 1,1,1)
0 1 34 2644 3715 11 (D 1,1,1) (S 19,21,21) (S 80,20,21) (S 145,25,21) (S 54,59,59) (S 116,50,59) (S 179,58,59) (S 55,60,60) (S 123,59,60) (S 176,51,60) (D 1,1,1)
0 1 35 2660 3587 9 (D 1,1,1) (S 139,22,31) (S 45,50,50) (S 114,49,50) (S 168,41,50) (S 95,35,37) (S 96,36,37) (S 164,38,37) (D 1,1,1)
0 1 36 1591 2175 8 (D 1,1,1) (S 144,25,20) (S 146,25,30) (S 151,29,30) (S 26,31,31) (S 85,25,31) (S 154,30,31) (D 1,1,1)
0 1 37 3070 3927 11 (D 1,1,1) (S 157,32,31) (S 27,32,32) (S 84,23,32) (S 156,31,32) (S 160,33,32) (S 36,41,41) (S 92,32,41) (S 35,40,40) (S 91,31,40) (D 1,1,1)
