237
9
712961845
236996343
0 1 1 21 25 3 (D 1,1,1) (S 1,2,2) (D 1,1,1)
0 1 2 13 15 3 (D 1,1,1) (S 2,3,3) (D 1,1,1)
0 1 3 20 24 3 (D 1,1,1) (S 3,4,4) (D 1,1,1)
0 1 4 7 9 4 (D 1,1,1) (S 5,6,6) (S 17,1,6) (D 1,1,1)
0 1 5 23 27 5 (D 1,1,1) (S 6,7,7) (S 10,11,11) (S 28,6,7) (D 1,1,1)
0 1 6 23 27 6 (D 1,1,1) (S 11,2,11) (S 18,1,11) (S 23,3,11) (S 14,5,11) (D 1,1,1)
0 1 7 38 41 8 (D 1,1,1) (S 13,4,8) (S 7,8,8) (S 26,5,8) (S 29,6,8) (S 4,5,5) (S 12,4,5) (D 1,1,1)
0 1 8 36 40 10 (D 1,1,1) (S 16,1,3) (S 19,2,3) (S 15,7,10) (S 25,4,10) (S 27,5,10) (S 30,6,10) (S 31,9,10) (S 9,10,10) (D 1,1,1)
0 1 9 24 29 7 (D 1,1,1) (S 20,2,4) (S 21,3,4) (S 8,9,9) (S 22,3,9) (S 24,4,9) (D 1,1,1)
