1014
9
10703193831
6958867329
0 1 1 17 37 4 (D 1,1,1) (S 23,1,2) (S 44,3,2) (D 1,1,1)
0 1 2 70 104 10 (D 1,1,1) (S 3,7,7) (S 42,1,7) (S 58,13,7) (S 65,18,12) (S 28,6,12) (S 50,6,18) (S 57,12,18) (S 67,19,18) (D 1,1,1)
0 1 3 72 114 11 (D 1,1,1) (S 8,15,15) (S 32,13,14) (S 68,20,14) (S 11,20,20) (S 59,14,20) (S 70,21,20) (S 4,8,8) (S 43,2,8) (S 2,6,6) (D 1,1,1)
0 1 4 112 178 14 (D 1,1,1) (S 41,1,6) (S 33,14,15) (S 13,22,22) (S 62,16,23) (S 14,23,23) (S 15,24,24) (S 64,17,24) (S 79,34,24) (S 9,16,16) (S 24,2,13) (S 7,13,13) (S 30,12,13) (D 1,1,1)
0 1 5 117 194 19 (D 1,1,1) (S 46,3,10) (S 55,11,10) (S 1,4,4) (S 45,3,4) (S 47,5,4) (S 56,11,17) (S 6,11,11) (S 48,5,11) (S 27,4,11) (S 54,10,11) (S 63,17,11) (S 25,3,9) (S 52,8,9) (S 60,15,9) (S 5,10,10) (S 26,4,10) (S 29,9,10) (D 1,1,1)
0 1 6 3 3 3 (D 1,1,1) (S 49,6,1) (D 1,1,1)
0 1 7 5 5 3 (D 1,1,1) (S 51,7,1) (D 1,1,1)
0 1 8 82 158 15 (D 1,1,1) (S 53,9,15) (S 35,21,22) (S 18,28,28) (S 71,24,34) (S 40,33,34) (S 80,34,28) (S 78,32,33) (S 22,33,33) (S 21,32,32) (S 39,30,31) (S 20,31,31) (S 77,32,31) (S 61,16,15) (D 1,1,1)
0 1 9 136 221 19 (D 1,1,1) (S 74,26,20) (S 12,21,21) (S 16,26,26) (S 36,25,26) (S 69,20,26) (S 17,27,27) (S 37,26,27) (S 75,28,27) (S 10,19,19) (S 31,12,19) (S 34,19,25) (S 76,30,25) (S 73,25,30) (S 38,29,30) (S 72,25,29) (S 66,18,29) (S 19,29,29) (D 1,1,1)
