307
12
3110570930
1204596422
0 1 1 24 26 3 (D 1,1,1) (S 1,2,2) (D 1,1,1)
0 1 2 40 44 4 (D 1,1,1) (S 3,4,4) (S 5,6,6) (D 1,1,1)
0 1 3 12 14 5 (D 1,1,1) (S 10,1,8) (S 27,3,8) (S 31,5,8) (D 1,1,1)
0 1 4 10 14 6 (D 1,1,1) (S 30,4,9) (S 32,5,9) (S 22,1,9) (S 35,6,9) (D 1,1,1)
0 1 5 17 19 3 (D 1,1,1) (S 7,8,8) (D 1,1,1)
0 1 6 20 24 3 (D 1,1,1) (S 8,9,9) (D 1,1,1)
0 1 7 17 19 6 (D 1,1,1) (S 9,11,11) (S 36,6,11) (S 39,10,11) (S 38,7,11) (D 1,1,1)
0 1 8 1 3 3 (D 1,1,1) (S 13,3,11) (D 1,1,1)
0 1 9 25 29 7 (D 1,1,1) (S 14,4,10) (S 33,5,10) (S 37,7,10) (S 16,8,10) (S 23,1,10) (D 1,1,1)
0 1 10 20 24 7 (D 1,1,1) (S 15,5,6) (S 20,1,6) (S 29,4,6) (S 25,3,6) (S 17,1,2) (D 1,1,1)
0 1 11 33 37 6 (D 1,1,1) (S 21,1,7) (S 26,3,7) (S 34,6,7) (S 6,7,7) (D 1,1,1)
0 1 12 47 54 10 (D 1,1,1) (S 24,3,4) (S 4,5,5) (S 12,2,5) (S 19,1,5) (S 28,4,5) (S 2,3,3) (S 11,2,3) (S 18,1,3) (D 1,1,1)
