47531
27
26995337500
3150
0 1 1 1420 2071 7 (D 22,1,1) (S 5,3,4) (S 3,2,3) (S 2,1,8) (S 17,9,19) (S 33,18,19) (D 22,1,1)
0 1 2 1181 1484 5 (D 22,1,1) (S 19,10,15) (S 16,9,10) (S 6,3,10) (D 22,1,1)
0 1 3 833 981 4 (D 22,1,1) (S 31,16,21) (S 37,20,21) (D 22,1,1)
0 1 4 784 944 4 (D 22,1,1) (S 10,5,12) (S 21,11,12) (D 22,1,1)
0 1 5 1567 1835 6 (D 22,1,1) (S 8,4,11) (S 18,10,11) (S 22,11,17) (S 30,16,17) (D 22,1,1)
0 1 6 967 1265 4 (D 22,1,1) (S 7,4,5) (S 9,5,6) (D 22,1,1)
0 1 7 860 1081 4 (D 22,1,1) (S 12,6,13) (S 23,12,13) (D 22,1,1)
0 1 8 455 498 3 (D 22,1,1) (S 24,12,22) (D 22,1,1)
0 1 9 1308 1456 4 (D 22,1,1) (S 26,13,23) (S 42,22,23) (D 22,1,1)
0 1 10 633 859 4 (D 22,1,1) (S 27,14,24) (S 44,23,24) (D 22,1,1)
0 1 11 1041 1321 5 (D 22,1,1) (S 39,20,29) (S 41,21,29) (S 53,28,29) (D 22,1,1)
0 1 12 449 547 3 (D 22,1,1) (S 32,17,21) (D 22,1,1)
0 1 13 2697 3374 8 (D 22,1,1) (S 36,19,26) (S 47,25,26) (S 49,26,27) (S 1,1,2) (S 4,2,9) (S 14,8,9) (D 22,1,1)
0 1 14 563 746 4 (D 22,1,1) (S 20,10,16) (S 28,15,16) (D 22,1,1)
0 1 15 565 605 3 (D 22,1,1) (S 40,21,22) (D 22,1,1)
0 1 16 730 876 4 (D 22,1,1) (S 43,22,30) (S 55,29,30) (D 22,1,1)
0 1 17 2139 2657 6 (D 22,1,1) (S 29,15,20) (S 35,19,20) (S 15,8,18) (S 34,18,25) (D 22,1,1)
0 1 18 2954 3550 9 (D 22,1,1) (S 56,29,37) (S 70,36,37) (S 72,37,48) (S 87,47,48) (S 54,28,37) (S 38,20,28) (S 51,27,28) (D 22,1,1)
0 1 19 1945 2482 8 (D 22,1,1) (S 57,29,38) (S 71,37,38) (S 74,38,49) (S 88,48,49) (S 89,49,50) (S 76,39,50) (D 22,1,1)
0 1 20 1412 1828 5 (D 22,1,1) (S 25,13,14) (S 13,7,14) (S 11,6,7) (D 22,1,1)
0 1 21 1276 1497 4 (D 22,1,1) (S 59,30,39) (S 73,38,39) (D 22,1,1)
0 1 22 2773 3324 9 (D 22,1,1) (S 62,32,40) (S 61,31,40) (S 75,39,40) (S 46,24,32) (S 60,31,32) (S 45,23,31) (S 58,30,31) (D 22,1,1)
0 1 23 2349 2944 8 (D 22,1,1) (S 63,32,41) (S 77,40,41) (S 79,41,52) (S 91,51,52) (S 78,40,51) (S 90,50,51) (D 22,1,1)
0 1 24 1425 1892 5 (D 22,1,1) (S 64,33,34) (S 67,34,43) (S 80,42,43) (D 22,1,1)
0 1 25 2395 2907 7 (D 22,1,1) (S 68,35,36) (S 66,34,35) (S 69,35,44) (S 50,26,35) (S 52,27,36) (D 22,1,1)
0 1 26 1581 2199 6 (D 22,1,1) (S 81,42,45) (S 83,43,46) (S 65,33,42) (S 48,25,33) (D 22,1,1)
0 1 27 1786 2308 6 (D 22,1,1) (S 82,43,44) (S 85,45,46) (S 86,46,47) (S 84,44,47) (D 22,1,1)
