932
10
383686843
380197746
0 1 1 58 87 7 (D 1,1,1) (S 40,26,27) (S 18,28,28) (S 17,27,27) (S 16,26,26) (S 67,26,33) (D 1,1,1)
0 1 2 60 97 12 (D 1,1,1) (S 34,8,14) (S 59,15,16) (S 11,16,16) (S 60,16,15) (S 35,14,15) (S 58,15,9) (S 7,9,9) (S 55,10,9) (S 54,9,8) (S 6,8,8) (D 1,1,1)
0 1 3 56 100 11 (D 1,1,1) (S 26,37,37) (S 73,38,39) (S 22,32,32) (S 28,39,39) (S 4,5,5) (S 74,39,38) (S 50,5,4) (S 3,4,4) (S 49,4,3) (D 1,1,1)
0 1 4 33 50 6 (D 1,1,1) (S 32,2,36) (S 1,2,2) (S 51,6,12) (S 9,12,12) (D 1,1,1)
0 1 5 53 91 7 (D 1,1,1) (S 47,2,3) (S 36,18,22) (S 13,18,18) (S 61,18,17) (S 12,17,17) (D 1,1,1)
0 1 6 58 89 7 (D 1,1,1) (S 45,1,40) (S 31,1,35) (S 43,35,36) (S 25,36,36) (S 19,29,29) (D 1,1,1)
0 1 7 62 117 13 (D 1,1,1) (S 64,21,24) (S 66,24,21) (S 37,20,23) (S 15,23,23) (S 39,24,25) (S 65,22,21) (S 63,21,22) (S 38,22,25) (S 14,21,21) (S 62,20,17) (S 10,13,13) (D 1,1,1)
0 1 8 65 123 14 (D 1,1,1) (S 30,1,10) (S 33,7,13) (S 2,3,3) (S 72,37,38) (S 27,38,38) (S 71,37,30) (S 20,30,30) (S 68,31,30) (S 21,31,31) (S 41,31,38) (S 70,37,3) (S 52,7,6) (D 1,1,1)
0 1 9 52 83 8 (D 1,1,1) (S 57,12,11) (S 8,11,11) (S 56,11,12) (S 69,34,35) (S 24,35,35) (S 29,40,40) (D 1,1,1)
0 1 10 62 95 9 (D 1,1,1) (S 42,33,34) (S 23,33,33) (S 48,2,6) (S 5,6,6) (S 46,2,1) (S 44,1,8) (S 53,8,40) (D 1,1,1)
