314
8
62300645
61342421
0 1 1 20 45 6 (D 1,1,1) (S 29,12,6) (S 17,6,7) (S 4,7,7) (S 5,8,8) (D 1,1,1)
0 1 2 19 45 7 (D 1,1,1) (S 10,15,15) (S 23,21,24) (S 34,20,23) (S 38,23,24) (S 35,21,20) (D 1,1,1)
0 1 3 20 54 8 (D 1,1,1) (S 22,16,17) (S 31,13,14) (S 21,14,18) (S 12,18,18) (S 32,17,18) (S 11,16,16) (D 1,1,1)
0 1 4 19 44 8 (D 1,1,1) (S 6,9,9) (S 18,9,10) (S 33,19,20) (S 37,23,20) (S 19,10,11) (S 8,11,11) (D 1,1,1)
0 1 5 15 40 7 (D 1,1,1) (S 26,5,6) (S 27,6,12) (S 9,12,12) (S 20,13,17) (S 30,13,12) (D 1,1,1)
0 1 6 16 31 6 (D 1,1,1) (S 14,1,2) (S 7,10,10) (S 3,5,5) (S 16,5,10) (D 1,1,1)
0 1 7 17 25 8 (D 1,1,1) (S 28,9,3) (S 15,3,4) (S 2,4,4) (S 25,4,2) (S 24,2,4) (S 1,3,3) (D 1,1,1)
0 1 8 11 30 4 (D 1,1,1) (S 13,22,22) (S 36,22,19) (D 1,1,1)
