780
10
125084428
123274411
0 1 1 47 63 7 (D 1,1,1) (S 24,1,31) (S 54,28,26) (S 17,26,26) (S 18,27,27) (S 20,29,29) (D 1,1,1)
0 1 2 50 101 9 (D 1,1,1) (S 47,15,14) (S 29,10,11) (S 43,11,12) (S 9,14,14) (S 10,15,15) (S 11,16,16) (S 12,17,17) (D 1,1,1)
0 1 3 48 78 7 (D 1,1,1) (S 34,3,2) (S 28,8,12) (S 8,13,13) (S 26,4,13) (S 3,4,4) (D 1,1,1)
0 1 4 47 90 8 (D 1,1,1) (S 35,5,6) (S 4,6,6) (S 38,6,11) (S 42,11,6) (S 23,1,7) (S 36,5,10) (D 1,1,1)
0 1 5 44 70 7 (D 1,1,1) (S 16,24,24) (S 15,23,23) (S 33,23,25) (S 53,25,28) (S 19,28,28) (D 1,1,1)
0 1 6 38 48 6 (D 1,1,1) (S 27,8,9) (S 6,9,9) (S 25,3,9) (S 2,3,3) (D 1,1,1)
0 1 7 42 69 8 (D 1,1,1) (S 5,7,7) (S 39,7,6) (S 7,10,10) (S 41,10,5) (S 37,5,31) (S 22,31,31) (D 1,1,1)
0 1 8 48 100 8 (D 1,1,1) (S 40,9,4) (S 32,21,22) (S 31,20,22) (S 30,19,21) (S 51,19,22) (S 52,21,18) (D 1,1,1)
0 1 9 44 98 10 (D 1,1,1) (S 50,19,18) (S 13,18,18) (S 49,18,19) (S 14,19,19) (S 46,12,18) (S 48,18,12) (S 45,12,13) (S 44,12,11) (D 1,1,1)
0 1 10 43 63 5 (D 1,1,1) (S 21,30,30) (S 55,30,29) (S 1,2,2) (D 1,1,1)
