286
9
42457327
41544966
0 1 1 26 35 7 (D 1,1,1) (S 10,1,7) (S 30,7,9) (S 8,9,9) (S 16,1,4) (S 23,4,5) (D 1,1,1)
0 1 2 25 33 5 (D 1,1,1) (S 20,3,9) (S 33,9,10) (S 9,10,10) (D 1,1,1)
0 1 3 21 32 6 (D 1,1,1) (S 26,5,10) (S 19,3,4) (S 14,4,11) (S 6,7,7) (D 1,1,1)
0 1 4 25 40 9 (D 1,1,1) (S 11,1,11) (S 25,5,8) (S 4,5,5) (S 27,5,11) (S 15,6,10) (S 2,3,3) (S 13,3,7) (D 1,1,1)
0 1 5 20 28 5 (D 1,1,1) (S 28,6,8) (S 32,8,9) (S 7,8,8) (D 1,1,1)
0 1 6 10 16 4 (D 1,1,1) (S 5,6,6) (S 29,6,9) (D 1,1,1)
0 1 7 27 36 6 (D 1,1,1) (S 18,2,7) (S 31,7,10) (S 1,2,2) (S 17,2,3) (D 1,1,1)
0 1 8 26 37 6 (D 1,1,1) (S 22,3,11) (S 21,3,10) (S 12,3,5) (S 24,5,7) (D 1,1,1)
0 1 9 25 29 3 (D 1,1,1) (S 3,4,4) (D 1,1,1)
