564
6
129392758
127632456
0 1 1 45 97 9 (D 1,1,1) (S 42,14,15) (S 18,6,11) (S 39,11,16) (S 43,16,17) (S 12,20,20) (S 11,19,19) (S 4,9,9) (D 1,1,1)
0 1 2 38 98 8 (D 1,1,1) (S 16,3,21) (S 13,21,21) (S 29,3,8) (S 3,8,8) (S 19,8,9) (S 37,9,10) (D 1,1,1)
0 1 3 36 74 8 (D 1,1,1) (S 21,1,10) (S 40,12,17) (S 9,17,17) (S 10,18,18) (S 5,10,10) (S 38,10,18) (D 1,1,1)
0 1 4 17 64 6 (D 1,1,1) (S 25,2,4) (S 30,4,1) (S 22,1,11) (S 20,8,12) (D 1,1,1)
0 1 5 42 118 13 (D 1,1,1) (S 24,2,3) (S 28,3,4) (S 15,3,9) (S 14,1,5) (S 26,2,5) (S 1,5,5) (S 17,5,6) (S 33,6,15) (S 8,15,15) (S 32,4,11) (S 6,11,11) (D 1,1,1)
0 1 6 46 113 11 (D 1,1,1) (S 35,7,4) (S 31,4,6) (S 41,13,22) (S 27,2,22) (S 36,7,13) (S 7,13,13) (S 2,7,7) (S 34,7,2) (S 23,2,1) (D 1,1,1)
