575
10
42187050
41049225
0 1 1 23 58 6 (D 1,1,1) (S 37,24,27) (S 14,25,25) (S 10,18,18) (S 34,21,23) (D 1,1,1)
0 1 2 26 64 6 (D 1,1,1) (S 25,8,9) (S 19,6,7) (S 6,7,7) (S 5,6,6) (D 1,1,1)
0 1 3 25 70 6 (D 1,1,1) (S 4,5,5) (S 18,5,9) (S 24,6,10) (S 26,10,11) (D 1,1,1)
0 1 4 26 64 7 (D 1,1,1) (S 13,24,24) (S 31,18,21) (S 32,20,21) (S 20,21,25) (S 11,22,22) (D 1,1,1)
0 1 5 27 79 7 (D 1,1,1) (S 17,1,27) (S 8,14,14) (S 29,14,20) (S 28,14,16) (S 30,16,17) (D 1,1,1)
0 1 6 24 44 5 (D 1,1,1) (S 27,12,13) (S 7,13,13) (S 9,15,15) (D 1,1,1)
0 1 7 26 44 6 (D 1,1,1) (S 1,2,2) (S 22,2,1) (S 21,1,17) (S 16,1,19) (D 1,1,1)
0 1 8 27 53 7 (D 1,1,1) (S 33,21,22) (S 35,22,23) (S 12,23,23) (S 15,26,26) (S 36,23,26) (D 1,1,1)
0 1 9 23 49 4 (D 1,1,1) (S 2,3,3) (S 23,3,8) (D 1,1,1)
0 1 10 22 50 3 (D 1,1,1) (S 3,4,4) (D 1,1,1)
