543
11
66405217
64616206
0 1 1 26 51 7 (D 1,1,1) (S 45,26,27) (S 13,27,27) (S 5,8,8) (S 29,8,9) (S 19,4,10) (D 1,1,1)
0 1 2 27 55 6 (D 1,1,1) (S 22,1,15) (S 1,4,4) (S 2,5,5) (S 27,5,6) (D 1,1,1)
0 1 3 26 63 8 (D 1,1,1) (S 30,12,13) (S 20,13,14) (S 36,18,21) (S 10,20,20) (S 11,21,21) (S 38,21,22) (D 1,1,1)
0 1 4 23 57 5 (D 1,1,1) (S 7,14,14) (S 33,14,16) (S 8,16,16) (D 1,1,1)
0 1 5 25 69 7 (D 1,1,1) (S 15,1,24) (S 14,1,17) (S 35,15,20) (S 32,13,15) (S 34,15,17) (D 1,1,1)
0 1 6 23 46 6 (D 1,1,1) (S 42,23,24) (S 44,24,27) (S 24,3,4) (S 31,12,19) (D 1,1,1)
0 1 7 24 38 6 (D 1,1,1) (S 25,4,6) (S 28,6,10) (S 6,10,10) (S 26,4,12) (D 1,1,1)
0 1 8 27 53 6 (D 1,1,1) (S 23,2,1) (S 21,1,3) (S 18,3,8) (S 16,2,12) (D 1,1,1)
0 1 9 26 58 8 (D 1,1,1) (S 40,22,23) (S 41,22,25) (S 37,18,25) (S 12,25,25) (S 39,21,23) (S 43,23,26) (D 1,1,1)
0 1 10 7 9 3 (D 1,1,1) (S 9,19,19) (D 1,1,1)
0 1 11 24 44 5 (D 1,1,1) (S 17,3,6) (S 4,7,7) (S 3,6,6) (D 1,1,1)
