855
6
40735185
39869738
0 1 1 5 131 7 (D 1,1,1) (S 25,10,9) (S 21,9,2) (S 9,2,3) (S 12,3,5) (S 15,5,12) (D 1,1,1)
0 1 2 4 123 6 (D 1,1,1) (S 5,1,2) (S 10,2,4) (S 13,4,11) (S 26,11,3) (D 1,1,1)
0 1 3 5 106 7 (D 1,1,1) (S 8,1,10) (S 20,8,10) (S 22,9,10) (S 24,10,8) (S 19,8,7) (D 1,1,1)
0 1 4 5 137 7 (D 1,1,1) (S 2,3,3) (S 11,3,4) (S 27,11,5) (S 14,5,6) (S 3,6,6) (D 1,1,1)
0 1 5 5 119 7 (D 1,1,1) (S 28,12,1) (S 23,10,1) (S 1,2,2) (S 16,6,7) (S 18,7,12) (D 1,1,1)
0 1 6 5 239 7 (D 1,1,1) (S 17,6,12) (S 7,1,7) (S 29,12,11) (S 6,1,4) (S 4,11,11) (D 1,1,1)
