282
8
58898373
57709433
0 1 1 26 36 6 (D 1,1,1) (S 17,1,4) (S 29,4,6) (S 5,6,6) (S 13,6,10) (D 1,1,1)
0 1 2 27 35 5 (D 1,1,1) (S 26,3,9) (S 7,9,9) (S 32,4,11) (D 1,1,1)
0 1 3 23 30 6 (D 1,1,1) (S 25,3,5) (S 4,5,5) (S 33,5,11) (S 16,1,3) (D 1,1,1)
0 1 4 25 32 5 (D 1,1,1) (S 12,5,10) (S 8,10,10) (S 28,3,11) (D 1,1,1)
0 1 5 27 34 6 (D 1,1,1) (S 35,6,9) (S 3,4,4) (S 30,4,7) (S 22,2,3) (D 1,1,1)
0 1 6 27 41 10 (D 1,1,1) (S 34,6,7) (S 6,7,7) (S 14,7,10) (S 27,3,10) (S 2,3,3) (S 10,3,7) (S 36,7,9) (S 31,4,10) (D 1,1,1)
0 1 7 25 34 6 (D 1,1,1) (S 11,5,8) (S 15,8,9) (S 1,2,2) (S 23,2,4) (D 1,1,1)
0 1 8 25 40 8 (D 1,1,1) (S 24,2,5) (S 21,1,11) (S 19,1,8) (S 18,1,5) (S 9,1,7) (S 20,1,9) (D 1,1,1)
