266
9
38312493
37580084
0 1 1 24 34 6 (D 1,1,1) (S 16,1,3) (S 22,3,9) (S 8,9,9) (S 31,9,10) (D 1,1,1)
0 1 2 21 25 5 (D 1,1,1) (S 14,5,11) (S 11,2,11) (S 6,7,7) (D 1,1,1)
0 1 3 23 27 5 (D 1,1,1) (S 30,6,10) (S 9,10,10) (S 2,3,3) (D 1,1,1)
0 1 4 26 35 5 (D 1,1,1) (S 3,4,4) (S 24,4,9) (S 25,4,10) (D 1,1,1)
0 1 5 27 33 5 (D 1,1,1) (S 1,2,2) (S 21,3,4) (S 13,4,8) (D 1,1,1)
0 1 6 22 28 5 (D 1,1,1) (S 29,6,8) (S 7,8,8) (S 27,5,10) (D 1,1,1)
0 1 7 26 32 7 (D 1,1,1) (S 17,1,6) (S 5,6,6) (S 28,6,7) (S 12,4,5) (S 4,5,5) (D 1,1,1)
0 1 8 27 38 7 (D 1,1,1) (S 19,2,3) (S 23,3,11) (S 15,7,10) (S 18,1,11) (S 10,11,11) (D 1,1,1)
0 1 9 9 14 4 (D 1,1,1) (S 26,5,8) (S 20,2,4) (D 1,1,1)
