286
6
39333034
38455684
0 1 1 26 49 8 (D 1,1,1) (S 25,4,7) (S 7,11,11) (S 17,1,8) (S 11,3,10) (S 8,1,9) (S 30,7,8) (D 1,1,1)
0 1 2 25 47 6 (D 1,1,1) (S 14,1,5) (S 9,2,4) (S 27,4,9) (S 6,9,9) (D 1,1,1)
0 1 3 25 50 8 (D 1,1,1) (S 23,3,5) (S 28,5,7) (S 31,7,10) (S 16,1,7) (S 4,7,7) (S 13,7,9) (D 1,1,1)
0 1 4 27 54 7 (D 1,1,1) (S 3,6,6) (S 29,6,11) (S 15,1,6) (S 12,6,10) (S 20,2,5) (D 1,1,1)
0 1 5 25 39 6 (D 1,1,1) (S 2,3,3) (S 10,3,6) (S 1,2,2) (S 24,3,11) (D 1,1,1)
0 1 6 26 47 8 (D 1,1,1) (S 26,4,8) (S 5,8,8) (S 19,2,3) (S 21,2,6) (S 22,2,9) (S 18,1,10) (D 1,1,1)
