872
8
77984424
76688354
0 1 1 39 132 8 (D 1,1,1) (S 11,20,20) (S 43,23,24) (S 6,10,10) (S 26,10,11) (S 18,11,15) (S 44,24,21) (D 1,1,1)
0 1 2 39 123 10 (D 1,1,1) (S 36,17,13) (S 8,12,12) (S 29,12,11) (S 33,15,16) (S 34,15,21) (S 12,21,21) (S 7,11,11) (S 27,11,5) (D 1,1,1)
0 1 3 38 131 9 (D 1,1,1) (S 16,8,14) (S 28,12,6) (S 4,6,6) (S 5,7,7) (S 23,8,7) (S 32,14,18) (S 10,18,18) (D 1,1,1)
0 1 4 37 67 5 (D 1,1,1) (S 2,3,3) (S 15,4,5) (S 3,5,5) (D 1,1,1)
0 1 5 39 117 7 (D 1,1,1) (S 31,14,13) (S 19,17,18) (S 30,13,17) (S 9,16,16) (S 35,16,12) (D 1,1,1)
0 1 6 40 97 6 (D 1,1,1) (S 20,19,22) (S 40,22,23) (S 38,19,20) (S 17,9,10) (D 1,1,1)
0 1 7 38 78 8 (D 1,1,1) (S 22,1,3) (S 25,9,19) (S 37,19,9) (S 24,9,3) (S 14,3,4) (S 1,2,2) (D 1,1,1)
0 1 8 40 127 8 (D 1,1,1) (S 13,1,2) (S 39,20,23) (S 21,20,21) (S 45,24,23) (S 41,23,20) (S 42,23,22) (D 1,1,1)
