287
8
50414049
49070366
0 1 1 23 32 7 (D 1,1,1) (S 17,1,9) (S 15,1,2) (S 19,2,3) (S 2,3,3) (S 24,3,5) (D 1,1,1)
0 1 2 26 44 7 (D 1,1,1) (S 9,1,7) (S 11,7,9) (S 14,9,10) (S 25,3,9) (S 37,9,11) (D 1,1,1)
0 1 3 27 43 8 (D 1,1,1) (S 20,2,4) (S 29,4,9) (S 30,4,11) (S 1,2,2) (S 23,2,11) (S 12,7,10) (D 1,1,1)
0 1 4 26 32 6 (D 1,1,1) (S 35,6,8) (S 33,5,10) (S 7,10,10) (S 8,1,3) (D 1,1,1)
0 1 5 25 35 6 (D 1,1,1) (S 27,4,5) (S 34,5,11) (S 26,3,11) (S 36,6,9) (D 1,1,1)
0 1 6 26 32 6 (D 1,1,1) (S 31,5,7) (S 22,2,8) (S 6,8,8) (S 5,6,6) (D 1,1,1)
0 1 7 27 33 5 (D 1,1,1) (S 16,1,4) (S 3,4,4) (S 28,4,6) (D 1,1,1)
0 1 8 25 36 8 (D 1,1,1) (S 10,6,7) (S 13,7,11) (S 21,2,5) (S 4,5,5) (S 32,5,8) (S 18,1,11) (D 1,1,1)
