356
12
98217054
96889824
0 1 1 24 38 8 (D 1,1,1) (S 11,1,3) (S 2,3,3) (S 24,3,7) (S 15,7,10) (S 29,4,7) (S 39,7,11) (D 1,1,1)
0 1 2 24 30 5 (D 1,1,1) (S 20,2,3) (S 27,3,11) (S 10,11,11) (D 1,1,1)
0 1 3 27 45 10 (D 1,1,1) (S 18,1,4) (S 21,2,4) (S 30,4,9) (S 32,5,10) (S 17,10,11) (S 35,6,10) (S 9,10,10) (S 36,6,11) (D 1,1,1)
0 1 4 22 32 6 (D 1,1,1) (S 16,9,10) (S 22,2,5) (S 4,5,5) (S 31,5,9) (D 1,1,1)
0 1 5 20 29 6 (D 1,1,1) (S 23,2,7) (S 8,9,9) (S 37,7,8) (S 41,8,11) (D 1,1,1)
0 1 6 22 27 5 (D 1,1,1) (S 33,6,7) (S 6,7,7) (S 26,3,9) (D 1,1,1)
0 1 7 27 35 6 (D 1,1,1) (S 25,3,8) (S 40,8,9) (S 38,7,9) (S 42,9,11) (D 1,1,1)
0 1 8 24 34 6 (D 1,1,1) (S 19,1,5) (S 13,3,4) (S 28,4,6) (S 34,6,8) (D 1,1,1)
0 1 9 23 25 3 (D 1,1,1) (S 3,4,4) (D 1,1,1)
0 1 10 15 17 4 (D 1,1,1) (S 14,5,8) (S 7,8,8) (D 1,1,1)
0 1 11 23 25 3 (D 1,1,1) (S 1,2,2) (D 1,1,1)
0 1 12 15 19 4 (D 1,1,1) (S 12,2,6) (S 5,6,6) (D 1,1,1)
