3715
24
7275531729
7239891549
0 1 1 75 164 12 (D 1,1,1) (S 120,23,24) (S 17,24,24) (S 124,24,25) (S 128,25,28) (S 141,28,38) (S 179,37,32) (S 159,32,38) (S 184,38,32) (S 156,32,28) (S 10,16,16) (D 1,1,1)
0 1 2 66 166 9 (D 1,1,1) (S 63,9,3) (S 46,4,10) (S 6,10,10) (S 43,3,4) (S 70,10,17) (S 95,17,10) (S 45,4,3) (D 1,1,1)
0 1 3 72 146 12 (D 1,1,1) (S 112,21,22) (S 15,22,22) (S 114,22,14) (S 83,14,8) (S 62,8,14) (S 84,14,13) (S 82,13,21) (S 111,21,20) (S 108,20,21) (S 110,21,13) (D 1,1,1)
0 1 4 66 123 10 (D 1,1,1) (S 55,6,13) (S 86,14,22) (S 116,22,23) (S 89,15,16) (S 91,16,9) (S 5,9,9) (S 60,8,7) (S 59,7,13) (D 1,1,1)
0 1 5 71 163 12 (D 1,1,1) (S 164,33,46) (S 33,46,46) (S 214,46,33) (S 163,33,40) (S 196,41,42) (S 200,42,41) (S 195,41,40) (S 104,19,20) (S 107,20,19) (S 102,19,11) (D 1,1,1)
0 1 6 72 173 10 (D 1,1,1) (S 36,1,2) (S 1,3,3) (S 44,3,9) (S 65,9,10) (S 68,10,4) (S 42,3,2) (S 40,2,3) (S 41,2,7) (D 1,1,1)
0 1 7 73 161 14 (D 1,1,1) (S 153,31,32) (S 177,36,42) (S 202,42,44) (S 208,44,42) (S 30,42,42) (S 32,44,44) (S 210,44,50) (S 209,44,49) (S 223,49,44) (S 199,42,36) (S 151,31,23) (S 80,13,12) (D 1,1,1)
0 1 8 73 154 10 (D 1,1,1) (S 136,27,31) (S 211,45,38) (S 28,38,38) (S 187,38,45) (S 183,38,28) (S 20,28,28) (S 140,28,32) (S 139,28,25) (D 1,1,1)
0 1 9 75 155 13 (D 1,1,1) (S 167,34,33) (S 24,33,33) (S 162,33,39) (S 189,39,33) (S 161,33,34) (S 169,34,40) (S 191,40,34) (S 166,34,30) (S 144,29,33) (S 160,33,29) (S 73,11,19) (D 1,1,1)
0 1 10 72 179 11 (D 1,1,1) (S 225,49,50) (S 227,50,44) (S 229,50,49) (S 194,41,35) (S 35,49,49) (S 224,49,48) (S 198,41,49) (S 222,49,41) (S 220,48,47) (D 1,1,1)
0 1 11 75 159 13 (D 1,1,1) (S 38,1,6) (S 52,6,5) (S 48,5,6) (S 54,6,12) (S 79,13,7) (S 56,7,2) (S 58,7,8) (S 4,8,8) (S 61,8,9) (S 64,9,8) (S 57,7,6) (D 1,1,1)
0 1 12 74 174 15 (D 1,1,1) (S 215,46,47) (S 217,47,46) (S 192,40,41) (S 190,40,33) (S 29,39,39) (S 193,40,47) (S 218,47,48) (S 221,48,49) (S 34,48,48) (S 219,48,41) (S 197,41,48) (S 216,47,40) (S 13,19,19) (D 1,1,1)
0 1 13 72 110 10 (D 1,1,1) (S 165,34,26) (S 18,26,26) (S 129,26,18) (S 100,18,26) (S 130,26,19) (S 105,19,26) (S 103,19,18) (S 12,18,18) (D 1,1,1)
0 1 14 75 164 12 (D 1,1,1) (S 127,25,24) (S 126,25,17) (S 11,17,17) (S 97,17,25) (S 122,24,16) (S 85,14,15) (S 118,23,15) (S 94,16,24) (S 123,24,23) (S 78,13,6) (D 1,1,1)
0 1 15 75 189 15 (D 1,1,1) (S 186,38,43) (S 31,43,43) (S 206,43,45) (S 212,45,43) (S 180,37,36) (S 181,37,38) (S 185,38,37) (S 204,43,38) (S 207,43,50) (S 228,50,45) (S 213,45,50) (S 226,50,43) (S 27,37,37) (D 1,1,1)
0 1 16 75 156 13 (D 1,1,1) (S 81,13,14) (S 93,16,17) (S 96,17,16) (S 92,16,15) (S 87,15,9) (S 9,14,14) (S 119,23,22) (S 117,22,31) (S 22,31,31) (S 88,15,14) (S 8,12,12) (D 1,1,1)
0 1 17 67 121 10 (D 1,1,1) (S 168,34,35) (S 25,35,35) (S 171,35,34) (S 148,30,27) (S 19,27,27) (S 135,27,30) (S 146,30,20) (S 106,20,12) (D 1,1,1)
0 1 18 68 138 9 (D 1,1,1) (S 109,20,30) (S 98,18,5) (S 50,5,18) (S 99,18,19) (S 71,11,5) (S 2,5,5) (S 49,5,11) (D 1,1,1)
0 1 19 75 189 11 (D 1,1,1) (S 26,36,36) (S 176,36,37) (S 175,36,35) (S 173,35,41) (S 172,35,36) (S 174,36,27) (S 138,27,36) (S 170,35,27) (S 137,27,35) (D 1,1,1)
0 1 20 75 159 13 (D 1,1,1) (S 188,39,29) (S 145,29,39) (S 142,29,18) (S 101,18,29) (S 143,29,26) (S 132,26,30) (S 149,30,34) (S 131,26,29) (S 133,26,34) (S 21,30,30) (S 147,30,26) (D 1,1,1)
0 1 21 57 116 8 (D 1,1,1) (S 51,6,1) (S 3,6,6) (S 53,6,7) (S 39,2,1) (S 37,1,5) (S 47,5,1) (D 1,1,1)
0 1 22 75 152 10 (D 1,1,1) (S 121,23,31) (S 155,32,24) (S 125,24,32) (S 23,32,32) (S 158,32,37) (S 178,37,31) (S 150,31,22) (S 115,22,21) (D 1,1,1)
0 1 23 72 167 12 (D 1,1,1) (S 205,43,42) (S 201,42,43) (S 157,32,31) (S 154,31,37) (S 182,37,43) (S 203,43,37) (S 152,31,27) (S 134,27,21) (S 113,21,27) (S 14,20,20) (D 1,1,1)
0 1 24 75 137 13 (D 1,1,1) (S 69,10,9) (S 67,9,16) (S 90,15,23) (S 16,23,23) (S 66,9,15) (S 76,12,13) (S 77,12,20) (S 75,12,11) (S 7,11,11) (S 72,11,12) (S 74,12,6) (D 1,1,1)
