516
7
20700362
20215124
0 1 1 37 108 6 (D 1,1,1) (S 11,7,8) (S 21,8,9) (S 7,9,9) (S 23,9,10) (D 1,1,1)
0 1 2 37 87 6 (D 1,1,1) (S 14,1,8) (S 22,8,10) (S 20,7,10) (S 6,7,7) (D 1,1,1)
0 1 3 41 107 7 (D 1,1,1) (S 16,3,6) (S 2,3,3) (S 5,6,6) (S 10,6,9) (S 8,2,8) (D 1,1,1)
0 1 4 41 73 6 (D 1,1,1) (S 9,3,4) (S 18,4,2) (S 15,3,1) (S 4,5,5) (D 1,1,1)
0 1 5 30 52 5 (D 1,1,1) (S 12,1,5) (S 19,5,7) (S 13,1,7) (D 1,1,1)
0 1 6 28 40 4 (D 1,1,1) (S 3,4,4) (S 17,4,1) (D 1,1,1)
0 1 7 31 49 3 (D 1,1,1) (S 1,2,2) (D 1,1,1)
