680
9
119206949
116844824
0 1 1 42 86 8 (D 1,1,1) (S 28,5,6) (S 35,12,17) (S 21,13,14) (S 40,17,12) (S 8,12,12) (S 34,11,1) (D 1,1,1)
0 1 2 42 104 9 (D 1,1,1) (S 37,14,8) (S 20,7,13) (S 30,7,6) (S 19,7,8) (S 31,8,14) (S 22,14,18) (S 12,18,18) (D 1,1,1)
0 1 3 37 63 8 (D 1,1,1) (S 43,19,9) (S 6,9,9) (S 32,9,19) (S 2,3,3) (S 16,3,10) (S 33,10,2) (D 1,1,1)
0 1 4 44 75 8 (D 1,1,1) (S 45,19,22) (S 24,22,23) (S 25,23,24) (S 14,24,24) (S 47,21,15) (S 9,15,15) (D 1,1,1)
0 1 5 42 105 12 (D 1,1,1) (S 36,13,17) (S 10,16,16) (S 42,17,18) (S 11,17,17) (S 41,17,16) (S 39,16,17) (S 38,15,21) (S 23,21,23) (S 48,21,24) (S 46,20,15) (D 1,1,1)
0 1 6 34 56 5 (D 1,1,1) (S 1,2,2) (S 27,2,4) (S 18,6,11) (D 1,1,1)
0 1 7 34 71 6 (D 1,1,1) (S 3,4,4) (S 26,1,19) (S 15,3,4) (S 4,5,5) (D 1,1,1)
0 1 8 44 71 6 (D 1,1,1) (S 17,5,11) (S 7,11,11) (S 5,6,6) (S 29,6,5) (D 1,1,1)
0 1 9 39 49 4 (D 1,1,1) (S 44,19,20) (S 13,20,20) (D 1,1,1)
