501
8
18016496
17577120
0 1 1 37 90 5 (D 1,1,1) (S 10,7,8) (S 23,8,9) (S 7,9,9) (D 1,1,1)
0 1 2 39 54 5 (D 1,1,1) (S 3,4,4) (S 21,4,5) (S 20,4,1) (D 1,1,1)
0 1 3 37 81 7 (D 1,1,1) (S 18,3,6) (S 5,6,6) (S 9,6,7) (S 6,7,7) (S 11,7,9) (D 1,1,1)
0 1 4 41 85 7 (D 1,1,1) (S 15,2,3) (S 2,3,3) (S 19,3,7) (S 4,5,5) (S 8,5,7) (D 1,1,1)
0 1 5 28 68 4 (D 1,1,1) (S 17,3,1) (S 13,1,8) (D 1,1,1)
0 1 6 29 63 5 (D 1,1,1) (S 1,2,2) (S 16,2,5) (S 22,5,6) (D 1,1,1)
0 1 7 8 26 3 (D 1,1,1) (S 24,8,10) (D 1,1,1)
0 1 8 26 34 4 (D 1,1,1) (S 14,2,1) (S 12,1,7) (D 1,1,1)
