603
10
77157138
75475608
0 1 1 25 64 9 (D 1,1,1) (S 12,1,2) (S 30,12,13) (S 31,13,14) (S 33,14,18) (S 7,14,14) (S 8,16,16) (S 36,15,17) (D 1,1,1)
0 1 2 20 49 6 (D 1,1,1) (S 19,22,23) (S 41,22,25) (S 43,23,26) (S 11,26,26) (D 1,1,1)
0 1 3 27 64 7 (D 1,1,1) (S 9,18,18) (S 35,14,21) (S 34,14,20) (S 38,18,25) (S 45,25,26) (D 1,1,1)
0 1 4 25 76 6 (D 1,1,1) (S 24,3,8) (S 26,6,9) (S 25,6,7) (S 28,7,11) (D 1,1,1)
0 1 5 24 56 7 (D 1,1,1) (S 23,3,6) (S 29,8,9) (S 18,5,9) (S 4,5,5) (S 5,6,6) (D 1,1,1)
0 1 6 27 63 7 (D 1,1,1) (S 13,1,15) (S 37,15,20) (S 39,20,21) (S 10,21,21) (S 40,21,25) (D 1,1,1)
0 1 7 21 53 5 (D 1,1,1) (S 22,3,4) (S 16,4,6) (S 27,6,10) (D 1,1,1)
0 1 8 27 51 5 (D 1,1,1) (S 44,24,27) (S 42,23,24) (S 1,2,2) (D 1,1,1)
0 1 9 27 73 7 (D 1,1,1) (S 32,13,15) (S 15,1,27) (S 21,1,24) (S 14,1,17) (S 20,1,19) (D 1,1,1)
0 1 10 26 54 6 (D 1,1,1) (S 17,4,10) (S 6,10,10) (S 3,4,4) (S 2,3,3) (D 1,1,1)
