252
7
37579383
36788858
0 1 1 25 48 7 (D 1,1,1) (S 7,1,5) (S 11,5,7) (S 4,7,7) (S 26,7,9) (S 23,6,10) (D 1,1,1)
0 1 2 22 32 6 (D 1,1,1) (S 20,4,7) (S 25,7,8) (S 21,4,8) (S 9,3,11) (D 1,1,1)
0 1 3 23 44 8 (D 1,1,1) (S 8,1,10) (S 5,8,8) (S 27,8,10) (S 16,2,4) (S 13,1,3) (S 18,2,9) (D 1,1,1)
0 1 4 21 33 5 (D 1,1,1) (S 10,4,9) (S 6,9,9) (S 28,9,10) (D 1,1,1)
0 1 5 24 45 8 (D 1,1,1) (S 24,6,11) (S 14,1,6) (S 3,6,6) (S 22,6,9) (S 12,1,2) (S 17,2,6) (D 1,1,1)
0 1 6 19 21 3 (D 1,1,1) (S 1,2,2) (D 1,1,1)
0 1 7 20 29 5 (D 1,1,1) (S 2,3,3) (S 19,3,10) (S 15,1,11) (D 1,1,1)
