610
6
48224524
47425246
0 1 1 5 118 7 (D 1,1,1) (S 12,5,11) (S 6,11,11) (S 16,8,11) (S 28,9,11) (S 13,5,12) (D 1,1,1)
0 1 2 5 117 7 (D 1,1,1) (S 22,1,10) (S 5,10,10) (S 18,10,11) (S 17,9,10) (S 27,8,10) (D 1,1,1)
0 1 3 5 135 7 (D 1,1,1) (S 8,2,3) (S 2,3,3) (S 11,5,6) (S 25,5,3) (S 24,3,4) (D 1,1,1)
0 1 4 4 29 6 (D 1,1,1) (S 23,1,12) (S 7,12,12) (S 29,12,6) (S 26,7,6) (D 1,1,1)
0 1 5 5 72 7 (D 1,1,1) (S 19,1,2) (S 10,2,9) (S 1,2,2) (S 9,2,4) (S 3,4,4) (D 1,1,1)
0 1 6 5 139 7 (D 1,1,1) (S 21,1,7) (S 4,7,7) (S 14,7,8) (S 15,7,12) (S 20,1,4) (D 1,1,1)
