326
7
63895000
62799887
0 1 1 20 54 10 (D 1,1,1) (S 8,11,11) (S 28,11,12) (S 29,12,6) (S 33,13,14) (S 32,13,12) (S 30,12,11) (S 35,16,15) (S 38,21,20) (D 1,1,1)
0 1 2 20 33 6 (D 1,1,1) (S 2,3,3) (S 14,3,4) (S 25,4,5) (S 39,22,19) (D 1,1,1)
0 1 3 19 40 5 (D 1,1,1) (S 37,20,23) (S 4,5,5) (S 7,10,10) (D 1,1,1)
0 1 4 20 48 9 (D 1,1,1) (S 24,22,23) (S 40,23,20) (S 41,23,24) (S 12,21,21) (S 9,15,15) (S 22,15,21) (S 1,2,2) (D 1,1,1)
0 1 5 20 53 7 (D 1,1,1) (S 36,18,17) (S 10,17,17) (S 16,8,14) (S 21,14,18) (S 23,16,17) (D 1,1,1)
0 1 6 19 54 9 (D 1,1,1) (S 26,6,12) (S 31,12,13) (S 20,13,17) (S 34,16,12) (S 15,6,7) (S 27,7,8) (S 5,8,8) (D 1,1,1)
0 1 7 19 44 9 (D 1,1,1) (S 17,9,10) (S 19,10,11) (S 6,9,9) (S 18,9,19) (S 11,19,19) (S 13,1,2) (S 3,4,4) (D 1,1,1)
