556
11
61730682
60019393
0 1 1 27 55 7 (D 1,1,1) (S 17,12,13) (S 18,13,14) (S 7,14,14) (S 19,14,18) (S 10,18,18) (D 1,1,1)
0 1 2 21 41 5 (D 1,1,1) (S 11,19,19) (S 16,27,27) (S 15,24,24) (D 1,1,1)
0 1 3 18 54 5 (D 1,1,1) (S 1,3,3) (S 27,3,6) (S 32,7,11) (D 1,1,1)
0 1 4 27 51 7 (D 1,1,1) (S 21,21,23) (S 14,23,23) (S 13,22,22) (S 39,22,23) (S 40,23,24) (D 1,1,1)
0 1 5 26 62 6 (D 1,1,1) (S 23,1,3) (S 2,4,4) (S 29,4,10) (S 5,8,8) (D 1,1,1)
0 1 6 11 19 4 (D 1,1,1) (S 25,2,12) (S 24,2,1) (D 1,1,1)
0 1 7 25 53 4 (D 1,1,1) (S 26,3,4) (S 4,6,6) (D 1,1,1)
0 1 8 27 64 7 (D 1,1,1) (S 37,20,21) (S 12,21,21) (S 36,18,21) (S 34,14,20) (S 41,25,26) (D 1,1,1)
0 1 9 19 35 4 (D 1,1,1) (S 33,13,15) (S 8,15,15) (D 1,1,1)
0 1 10 27 62 7 (D 1,1,1) (S 28,4,6) (S 31,6,7) (S 6,10,10) (S 3,5,5) (S 30,5,6) (D 1,1,1)
0 1 11 21 60 7 (D 1,1,1) (S 35,16,17) (S 9,17,17) (S 20,15,20) (S 38,21,22) (S 22,26,27) (D 1,1,1)
