687
9
98144583
96445197
0 1 1 27 41 4 (D 1,1,1) (S 28,1,19) (S 13,19,19) (D 1,1,1)
0 1 2 41 87 10 (D 1,1,1) (S 26,1,9) (S 29,2,10) (S 35,10,2) (S 1,2,2) (S 30,4,5) (S 43,19,22) (S 9,15,15) (S 38,15,20) (D 1,1,1)
0 1 3 43 69 5 (D 1,1,1) (S 3,6,6) (S 6,12,12) (S 36,11,1) (D 1,1,1)
0 1 4 45 77 7 (D 1,1,1) (S 14,21,21) (S 24,21,23) (S 25,22,23) (S 15,23,23) (S 46,24,21) (D 1,1,1)
0 1 5 45 98 11 (D 1,1,1) (S 11,17,17) (S 41,17,18) (S 12,18,18) (S 8,14,14) (S 5,8,8) (S 7,13,13) (S 40,17,16) (S 39,16,17) (S 10,16,16) (D 1,1,1)
0 1 6 40 74 6 (D 1,1,1) (S 17,1,20) (S 31,5,4) (S 2,3,3) (S 19,3,4) (D 1,1,1)
0 1 7 27 41 5 (D 1,1,1) (S 27,1,11) (S 20,5,11) (S 18,2,5) (D 1,1,1)
0 1 8 45 93 7 (D 1,1,1) (S 16,1,5) (S 32,5,6) (S 21,6,11) (S 34,9,19) (S 42,19,9) (D 1,1,1)
0 1 9 45 107 9 (D 1,1,1) (S 23,12,16) (S 37,13,17) (S 4,7,7) (S 33,7,6) (S 22,7,13) (S 45,20,21) (S 44,20,15) (D 1,1,1)
