29721
27
9477690138
9409213378
0 1 1 232 961 13 (D 1,1,1) (S 265,127,129) (S 266,128,3) (S 104,3,128) (S 268,128,129) (S 270,129,128) (S 269,129,127) (S 44,123,123) (S 43,122,122) (S 249,117,2) (S 1,2,2) (S 103,2,117) (D 1,1,1)
0 1 2 215 817 16 (D 1,1,1) (S 276,132,133) (S 278,133,134) (S 281,134,135) (S 284,135,134) (S 280,134,133) (S 279,133,135) (S 283,135,133) (S 49,133,133) (S 277,133,132) (S 48,132,132) (S 47,131,131) (S 273,131,132) (S 275,132,131) (S 272,131,126) (D 1,1,1)
0 1 3 233 1537 11 (D 1,1,1) (S 73,30,31) (S 107,27,11) (S 108,44,73) (S 161,72,74) (S 162,73,44) (S 164,73,74) (S 166,74,73) (S 163,73,72) (S 167,74,76) (D 1,1,1)
0 1 4 198 942 11 (D 1,1,1) (S 123,58,59) (S 125,59,58) (S 146,67,66) (S 218,102,104) (S 221,104,105) (S 222,105,104) (S 37,104,104) (S 223,105,106) (S 38,106,106) (D 1,1,1)
0 1 5 200 1017 6 (D 1,1,1) (S 233,108,109) (S 252,117,119) (S 255,119,117) (S 251,117,118) (D 1,1,1)
0 1 6 219 1032 10 (D 1,1,1) (S 144,66,62) (S 145,66,67) (S 153,70,58) (S 122,58,57) (S 121,57,62) (S 136,62,66) (S 216,99,100) (S 31,94,94) (D 1,1,1)
0 1 7 234 1048 16 (D 1,1,1) (S 15,36,36) (S 82,36,38) (S 87,39,40) (S 88,40,41) (S 18,41,41) (S 86,38,41) (S 85,38,39) (S 17,39,39) (S 16,38,38) (S 81,36,37) (S 83,37,42) (S 93,43,46) (S 173,77,76) (S 188,82,84) (D 1,1,1)
0 1 8 233 1234 16 (D 1,1,1) (S 293,140,55) (S 114,55,54) (S 116,55,140) (S 292,140,54) (S 113,54,140) (S 112,54,55) (S 117,56,55) (S 115,55,56) (S 118,56,57) (S 119,57,56) (S 143,65,64) (S 141,64,65) (S 140,64,63) (S 243,113,112) (D 1,1,1)
0 1 9 234 869 11 (D 1,1,1) (S 231,108,106) (S 226,106,108) (S 39,108,108) (S 229,107,110) (S 235,110,107) (S 227,107,106) (S 225,106,107) (S 242,113,103) (S 36,103,103) (D 1,1,1)
0 1 10 222 1267 12 (D 1,1,1) (S 132,61,59) (S 127,59,61) (S 126,59,60) (S 78,34,139) (S 130,60,61) (S 128,60,45) (S 129,60,59) (S 155,70,71) (S 26,71,71) (S 147,67,68) (D 1,1,1)
0 1 11 231 1345 16 (D 1,1,1) (S 21,48,48) (S 96,48,49) (S 22,49,49) (S 131,61,49) (S 111,49,61) (S 98,49,140) (S 24,61,61) (S 97,48,50) (S 99,50,51) (S 100,52,53) (S 23,51,51) (S 101,53,140) (S 133,61,60) (S 152,69,71) (D 1,1,1)
0 1 12 234 1587 11 (D 1,1,1) (S 7,20,20) (S 64,20,24) (S 63,20,22) (S 62,20,21) (S 8,21,21) (S 65,23,24) (S 9,24,24) (S 66,24,25) (S 58,12,13) (D 1,1,1)
0 1 13 225 984 17 (D 1,1,1) (S 181,80,81) (S 180,80,79) (S 178,79,80) (S 29,80,80) (S 182,80,82) (S 189,82,92) (S 194,84,83) (S 191,83,82) (S 193,84,82) (S 186,82,80) (S 185,81,83) (S 190,83,81) (S 192,83,84) (S 195,84,85) (S 196,85,84) (D 1,1,1)
0 1 14 232 1154 12 (D 1,1,1) (S 260,126,127) (S 46,127,127) (S 261,126,130) (S 256,124,4) (S 264,127,128) (S 267,128,127) (S 263,127,126) (S 262,126,131) (S 259,126,124) (S 257,124,126) (D 1,1,1)
0 1 15 235 1125 16 (D 1,1,1) (S 177,79,78) (S 95,46,47) (S 172,77,46) (S 92,43,44) (S 170,76,75) (S 27,75,75) (S 171,76,77) (S 175,78,77) (S 174,77,78) (S 176,78,79) (S 179,79,81) (S 183,81,79) (S 184,81,80) (S 187,82,83) (D 1,1,1)
0 1 16 232 1429 10 (D 1,1,1) (S 54,8,11) (S 106,11,27) (S 56,11,12) (S 59,12,20) (S 5,13,13) (S 60,13,14) (S 6,14,14) (S 4,12,12) (D 1,1,1)
0 1 17 233 1466 15 (D 1,1,1) (S 51,5,6) (S 52,6,8) (S 3,8,8) (S 2,7,7) (S 53,8,9) (S 55,10,19) (S 61,13,16) (S 57,11,33) (S 75,33,139) (S 77,34,45) (S 94,44,45) (S 20,45,45) (S 109,45,60) (D 1,1,1)
0 1 18 223 1009 12 (D 1,1,1) (S 50,136,136) (S 289,138,125) (S 258,125,138) (S 285,136,134) (S 282,134,136) (S 288,137,136) (S 286,136,137) (S 287,136,138) (S 291,138,136) (S 290,138,131) (D 1,1,1)
0 1 19 218 740 12 (D 1,1,1) (S 239,112,107) (S 228,107,108) (S 230,107,112) (S 240,112,110) (S 40,111,111) (S 238,111,110) (S 41,114,114) (S 246,114,118) (S 248,116,117) (S 247,116,1) (D 1,1,1)
0 1 20 232 1490 14 (D 1,1,1) (S 13,32,32) (S 10,25,25) (S 67,25,26) (S 68,25,27) (S 71,28,30) (S 74,30,32) (S 69,27,28) (S 11,28,28) (S 12,30,30) (S 70,28,29) (S 72,29,33) (S 19,44,44) (D 1,1,1)
0 1 21 232 1061 17 (D 1,1,1) (S 224,106,105) (S 217,100,99) (S 215,99,97) (S 210,97,96) (S 208,96,97) (S 211,97,98) (S 213,98,97) (S 212,97,99) (S 34,99,99) (S 32,95,95) (S 206,95,96) (S 207,96,95) (S 209,96,99) (S 33,96,96) (S 214,99,96) (D 1,1,1)
0 1 22 234 1042 17 (D 1,1,1) (S 149,68,67) (S 158,71,72) (S 160,72,73) (S 165,74,72) (S 159,72,71) (S 156,71,69) (S 151,69,70) (S 25,70,70) (S 157,71,70) (S 154,70,69) (S 150,69,67) (S 148,67,69) (S 168,75,76) (S 169,76,74) (S 28,77,77) (D 1,1,1)
0 1 23 222 1095 14 (D 1,1,1) (S 205,93,64) (S 134,62,57) (S 135,62,63) (S 138,63,64) (S 137,63,62) (S 120,57,58) (S 124,58,70) (S 139,63,93) (S 204,93,63) (S 142,64,93) (S 35,102,102) (S 220,104,102) (D 1,1,1)
0 1 24 232 953 13 (D 1,1,1) (S 201,89,92) (S 203,92,89) (S 202,92,82) (S 197,85,86) (S 198,86,85) (S 199,86,87) (S 30,87,87) (S 200,87,86) (S 219,103,113) (S 244,113,114) (S 254,118,117) (D 1,1,1)
0 1 25 232 1010 11 (D 1,1,1) (S 89,41,47) (S 91,42,47) (S 90,42,43) (S 76,34,35) (S 14,35,35) (S 79,35,36) (S 80,35,37) (S 84,37,43) (S 110,46,77) (D 1,1,1)
0 1 26 221 805 9 (D 1,1,1) (S 271,130,126) (S 45,126,126) (S 105,4,124) (S 274,131,138) (S 42,120,120) (S 250,117,116) (S 102,1,116) (D 1,1,1)
0 1 27 222 702 9 (D 1,1,1) (S 234,109,108) (S 232,108,107) (S 236,110,111) (S 237,110,112) (S 241,112,113) (S 245,114,113) (S 253,118,114) (D 1,1,1)
