546
10
48288942
47034184
0 1 1 26 57 6 (D 1,1,1) (S 14,12,13) (S 26,14,18) (S 30,18,25) (S 38,26,27) (D 1,1,1)
0 1 2 27 55 8 (D 1,1,1) (S 28,16,17) (S 7,17,17) (S 6,15,15) (S 15,13,14) (S 5,14,14) (S 19,2,1) (D 1,1,1)
0 1 3 26 62 6 (D 1,1,1) (S 10,1,15) (S 31,20,21) (S 29,18,21) (S 32,21,25) (D 1,1,1)
0 1 4 25 78 7 (D 1,1,1) (S 12,4,10) (S 13,10,11) (S 23,7,11) (S 22,6,8) (S 24,8,9) (D 1,1,1)
0 1 5 25 63 9 (D 1,1,1) (S 8,21,21) (S 34,22,25) (S 16,21,22) (S 33,22,23) (S 36,23,26) (S 37,25,26) (S 18,1,27) (D 1,1,1)
0 1 6 26 40 5 (D 1,1,1) (S 35,23,24) (S 9,24,24) (S 17,1,19) (D 1,1,1)
0 1 7 23 49 4 (D 1,1,1) (S 11,3,8) (S 1,3,3) (D 1,1,1)
0 1 8 23 43 5 (D 1,1,1) (S 20,2,12) (S 25,13,15) (S 27,15,17) (D 1,1,1)
0 1 9 27 49 4 (D 1,1,1) (S 21,5,6) (S 4,6,6) (D 1,1,1)
0 1 10 21 50 4 (D 1,1,1) (S 3,5,5) (S 2,4,4) (D 1,1,1)
