244
7
30726176
30197525
0 1 1 27 45 6 (D 1,1,1) (S 5,6,6) (S 11,6,9) (S 20,6,11) (S 21,7,8) (D 1,1,1)
0 1 2 27 51 8 (D 1,1,1) (S 15,1,8) (S 7,8,8) (S 22,7,9) (S 24,9,10) (S 8,10,10) (S 9,1,9) (D 1,1,1)
0 1 3 23 35 4 (D 1,1,1) (S 2,3,3) (S 18,2,9) (D 1,1,1)
0 1 4 20 34 6 (D 1,1,1) (S 14,1,5) (S 4,5,5) (S 23,7,10) (S 17,2,8) (D 1,1,1)
0 1 5 24 36 5 (D 1,1,1) (S 16,2,4) (S 3,4,4) (S 19,4,7) (D 1,1,1)
0 1 6 18 26 6 (D 1,1,1) (S 10,1,11) (S 6,7,7) (S 12,7,11) (S 13,1,2) (D 1,1,1)
0 1 7 15 17 3 (D 1,1,1) (S 1,2,2) (D 1,1,1)
