652
7
18231107
17674798
0 1 1 33 143 8 (D 1,1,1) (S 2,7,7) (S 8,2,8) (S 21,8,12) (S 6,12,12) (S 14,3,6) (S 12,1,5) (D 1,1,1)
0 1 2 30 104 4 (D 1,1,1) (S 16,4,11) (S 4,10,10) (D 1,1,1)
0 1 3 25 39 4 (D 1,1,1) (S 13,2,3) (S 10,1,3) (D 1,1,1)
0 1 4 30 70 4 (D 1,1,1) (S 11,1,4) (S 9,4,5) (D 1,1,1)
0 1 5 29 111 5 (D 1,1,1) (S 17,5,10) (S 18,6,10) (S 19,6,12) (D 1,1,1)
0 1 6 34 128 7 (D 1,1,1) (S 15,4,10) (S 5,11,11) (S 22,11,13) (S 3,9,9) (S 20,8,9) (D 1,1,1)
0 1 7 31 57 4 (D 1,1,1) (S 1,2,2) (S 7,2,6) (D 1,1,1)
