355
11
70492985
69413276
0 1 1 26 41 9 (D 1,1,1) (S 18,1,3) (S 2,3,3) (S 26,3,7) (S 37,7,10) (S 30,4,9) (S 38,7,11) (S 13,3,11) (D 1,1,1)
0 1 2 27 39 7 (D 1,1,1) (S 15,5,6) (S 36,6,11) (S 9,11,11) (S 27,3,8) (S 16,8,10) (D 1,1,1)
0 1 3 21 23 4 (D 1,1,1) (S 10,1,8) (S 7,8,8) (D 1,1,1)
0 1 4 13 23 5 (D 1,1,1) (S 12,2,5) (S 33,5,10) (S 39,10,11) (D 1,1,1)
0 1 5 27 42 8 (D 1,1,1) (S 24,3,4) (S 14,4,10) (S 19,1,5) (S 4,5,5) (S 25,3,6) (S 28,4,5) (D 1,1,1)
0 1 6 26 41 8 (D 1,1,1) (S 22,1,9) (S 17,1,2) (S 29,4,6) (S 34,6,7) (S 11,2,3) (S 31,5,8) (D 1,1,1)
0 1 7 25 27 3 (D 1,1,1) (S 3,4,4) (D 1,1,1)
0 1 8 27 32 5 (D 1,1,1) (S 21,1,7) (S 6,7,7) (S 32,5,9) (D 1,1,1)
0 1 9 23 27 4 (D 1,1,1) (S 35,6,9) (S 8,9,9) (D 1,1,1)
0 1 10 27 34 5 (D 1,1,1) (S 23,1,10) (S 20,1,6) (S 5,6,6) (D 1,1,1)
0 1 11 24 26 3 (D 1,1,1) (S 1,2,2) (D 1,1,1)
