674
7
20417481
20002963
0 1 1 28 122 6 (D 1,1,1) (S 17,7,9) (S 5,9,9) (S 18,8,9) (S 11,1,4) (D 1,1,1)
0 1 2 33 103 6 (D 1,1,1) (S 2,3,3) (S 16,6,12) (S 6,12,12) (S 7,1,3) (D 1,1,1)
0 1 3 31 107 4 (D 1,1,1) (S 3,4,4) (S 8,4,11) (D 1,1,1)
0 1 4 32 107 6 (D 1,1,1) (S 10,1,2) (S 13,2,8) (S 9,8,12) (S 12,2,3) (D 1,1,1)
0 1 5 34 78 5 (D 1,1,1) (S 14,4,10) (S 15,6,10) (S 4,5,5) (D 1,1,1)
0 1 6 30 123 5 (D 1,1,1) (S 19,10,11) (S 21,11,13) (S 20,11,12) (D 1,1,1)
0 1 7 24 34 3 (D 1,1,1) (S 1,2,2) (D 1,1,1)
