1238
9
304167930
300190444
0 1 1 64 108 8 (D 1,1,1) (S 6,9,9) (S 23,7,8) (S 5,8,8) (S 46,9,10) (S 47,10,9) (S 18,1,5) (D 1,1,1)
0 1 2 64 167 12 (D 1,1,1) (S 64,21,24) (S 62,20,21) (S 12,21,21) (S 35,24,27) (S 37,27,28) (S 33,20,24) (S 36,24,28) (S 70,25,29) (S 75,29,28) (S 11,20,20) (D 1,1,1)
0 1 3 64 148 14 (D 1,1,1) (S 69,23,22) (S 66,22,21) (S 78,30,29) (S 67,22,29) (S 73,29,21) (S 34,21,28) (S 15,28,28) (S 65,21,29) (S 74,29,22) (S 63,21,22) (S 13,22,22) (S 71,25,30) (D 1,1,1)
0 1 4 58 113 10 (D 1,1,1) (S 17,1,2) (S 39,3,2) (S 1,2,2) (S 38,2,3) (S 20,3,10) (S 40,4,5) (S 22,5,8) (S 43,8,13) (D 1,1,1)
0 1 5 64 159 12 (D 1,1,1) (S 48,11,12) (S 50,12,16) (S 25,11,20) (S 61,20,16) (S 30,16,21) (S 9,16,16) (S 49,12,11) (S 26,12,13) (S 52,13,16) (S 58,16,13) (D 1,1,1)
0 1 6 61 121 9 (D 1,1,1) (S 31,17,22) (S 76,29,30) (S 77,30,25) (S 16,30,30) (S 14,26,26) (S 72,26,23) (S 56,15,8) (D 1,1,1)
0 1 7 63 138 8 (D 1,1,1) (S 8,11,11) (S 29,16,17) (S 10,17,17) (S 59,17,14) (S 27,14,15) (S 54,14,13) (D 1,1,1)
0 1 8 64 143 12 (D 1,1,1) (S 19,1,8) (S 44,8,14) (S 3,6,6) (S 2,4,4) (S 21,4,6) (S 4,7,7) (S 41,7,6) (S 42,7,12) (S 51,13,8) (S 45,9,2) (D 1,1,1)
0 1 9 64 141 11 (D 1,1,1) (S 68,23,18) (S 57,15,9) (S 7,10,10) (S 24,10,19) (S 60,18,15) (S 28,15,19) (S 32,18,19) (S 55,14,17) (S 53,14,8) (D 1,1,1)
