684
8
14372305
13996647
0 1 1 35 166 8 (D 1,1,1) (S 2,3,3) (S 16,7,9) (S 5,9,9) (S 17,8,9) (S 18,8,12) (S 20,12,13) (D 1,1,1)
0 1 2 26 100 4 (D 1,1,1) (S 4,5,5) (S 19,10,11) (D 1,1,1)
0 1 3 26 108 5 (D 1,1,1) (S 13,2,6) (S 15,6,12) (S 8,6,10) (D 1,1,1)
0 1 4 32 125 5 (D 1,1,1) (S 14,4,11) (S 6,11,11) (S 9,11,13) (D 1,1,1)
0 1 5 27 61 4 (D 1,1,1) (S 11,1,3) (S 12,1,4) (D 1,1,1)
0 1 6 23 51 4 (D 1,1,1) (S 10,1,2) (S 7,2,7) (D 1,1,1)
0 1 7 23 43 3 (D 1,1,1) (S 3,4,4) (D 1,1,1)
0 1 8 20 30 3 (D 1,1,1) (S 1,2,2) (D 1,1,1)
