1359
9
327648087
323644343
0 1 1 75 191 12 (D 1,1,1) (S 32,16,17) (S 60,17,24) (S 19,24,24) (S 66,24,34) (S 65,24,11) (S 53,11,5) (S 4,5,5) (S 9,11,11) (S 14,17,17) (S 50,7,6) (D 1,1,1)
0 1 2 60 134 10 (D 1,1,1) (S 41,30,31) (S 18,21,21) (S 63,21,15) (S 56,14,20) (S 17,20,20) (S 12,14,14) (S 7,8,8) (S 27,8,14) (D 1,1,1)
0 1 3 75 208 15 (D 1,1,1) (S 74,31,32) (S 77,32,33) (S 78,33,32) (S 76,32,31) (S 42,33,34) (S 23,28,28) (S 40,28,33) (S 79,34,24) (S 37,23,28) (S 75,32,27) (S 69,27,28) (S 34,21,27) (S 21,26,26) (D 1,1,1)
0 1 4 75 106 10 (D 1,1,1) (S 61,19,18) (S 71,29,18) (S 15,18,18) (S 54,12,18) (S 10,12,12) (S 30,12,13) (S 11,13,13) (S 55,13,7) (D 1,1,1)
0 1 5 74 171 14 (D 1,1,1) (S 58,16,15) (S 57,15,21) (S 31,15,22) (S 64,22,28) (S 70,28,27) (S 22,27,27) (S 39,26,31) (S 25,34,34) (S 35,22,23) (S 68,26,20) (S 62,20,26) (S 13,15,15) (D 1,1,1)
0 1 6 75 151 9 (D 1,1,1) (S 2,3,3) (S 45,2,8) (S 51,9,15) (S 28,9,10) (S 8,10,10) (S 1,2,2) (S 26,2,13) (D 1,1,1)
0 1 7 69 143 12 (D 1,1,1) (S 20,25,25) (S 38,25,26) (S 33,19,25) (S 73,30,25) (S 67,25,29) (S 24,29,29) (S 72,29,25) (S 16,19,19) (S 48,6,7) (S 6,7,7) (D 1,1,1)
0 1 8 75 185 10 (D 1,1,1) (S 47,5,4) (S 52,10,11) (S 59,16,23) (S 36,23,24) (S 3,4,4) (S 46,4,3) (S 29,10,16) (S 43,1,6) (D 1,1,1)
0 1 9 36 70 5 (D 1,1,1) (S 44,1,7) (S 49,6,18) (S 5,6,6) (D 1,1,1)
