330
6
35537250
35021203
0 1 1 5 69 7 (D 1,1,1) (S 7,1,9) (S 24,9,10) (S 22,8,10) (S 25,10,11) (S 23,8,11) (D 1,1,1)
0 1 2 1 39 3 (D 1,1,1) (S 12,1,10) (D 1,1,1)
0 1 3 5 41 7 (D 1,1,1) (S 11,1,7) (S 3,5,5) (S 15,3,5) (S 18,5,12) (S 6,12,12) (D 1,1,1)
0 1 4 5 69 7 (D 1,1,1) (S 5,7,7) (S 20,7,10) (S 4,6,6) (S 19,6,8) (S 21,7,12) (D 1,1,1)
0 1 5 5 53 7 (D 1,1,1) (S 13,2,3) (S 8,3,4) (S 2,4,4) (S 16,4,12) (S 9,6,12) (D 1,1,1)
0 1 6 5 59 6 (D 1,1,1) (S 1,2,2) (S 14,2,9) (S 10,9,11) (S 17,5,11) (D 1,1,1)
