561
8
17882057
17533708
0 1 1 34 139 6 (D 1,1,1) (S 19,6,12) (S 9,11,11) (S 21,11,13) (S 10,12,12) (D 1,1,1)
0 1 2 22 96 6 (D 1,1,1) (S 20,8,9) (S 7,9,9) (S 15,2,8) (S 6,8,8) (D 1,1,1)
0 1 3 25 51 5 (D 1,1,1) (S 16,3,6) (S 4,6,6) (S 14,2,6) (D 1,1,1)
0 1 4 34 78 6 (D 1,1,1) (S 13,1,5) (S 12,5,10) (S 8,10,10) (S 18,4,10) (D 1,1,1)
0 1 5 15 53 3 (D 1,1,1) (S 17,4,5) (D 1,1,1)
0 1 6 25 39 4 (D 1,1,1) (S 11,2,3) (S 2,3,3) (D 1,1,1)
0 1 7 26 54 4 (D 1,1,1) (S 5,7,7) (S 1,2,2) (D 1,1,1)
0 1 8 31 51 3 (D 1,1,1) (S 3,4,4) (D 1,1,1)
