269
7
29164030
28423568
0 1 1 25 50 8 (D 1,1,1) (S 10,2,5) (S 4,5,5) (S 11,5,7) (S 26,7,8) (S 5,7,7) (S 27,7,9) (D 1,1,1)
0 1 2 27 53 9 (D 1,1,1) (S 18,2,9) (S 28,9,10) (S 7,10,10) (S 6,8,8) (S 12,8,10) (S 17,2,6) (S 15,1,7) (D 1,1,1)
0 1 3 21 38 5 (D 1,1,1) (S 24,6,10) (S 9,2,4) (S 21,4,9) (D 1,1,1)
0 1 4 24 30 4 (D 1,1,1) (S 1,2,2) (S 3,4,4) (D 1,1,1)
0 1 5 27 52 8 (D 1,1,1) (S 25,6,11) (S 8,1,9) (S 14,1,6) (S 23,6,9) (S 22,6,7) (S 13,1,2) (D 1,1,1)
0 1 6 22 36 5 (D 1,1,1) (S 2,3,3) (S 19,3,5) (S 20,3,11) (D 1,1,1)
0 1 7 8 10 3 (D 1,1,1) (S 16,1,11) (D 1,1,1)
