294
9
59007954
57939799
0 1 1 27 39 7 (D 1,1,1) (S 25,3,4) (S 3,4,4) (S 11,4,8) (S 8,1,4) (S 31,4,10) (D 1,1,1)
0 1 2 13 17 5 (D 1,1,1) (S 7,1,2) (S 22,2,8) (S 18,1,8) (D 1,1,1)
0 1 3 27 42 7 (D 1,1,1) (S 26,3,10) (S 27,3,11) (S 9,2,3) (S 36,7,11) (S 35,7,9) (D 1,1,1)
0 1 4 22 30 6 (D 1,1,1) (S 5,6,6) (S 34,6,9) (S 30,4,9) (S 29,4,7) (D 1,1,1)
0 1 5 27 56 10 (D 1,1,1) (S 32,5,8) (S 37,8,9) (S 24,2,11) (S 23,2,9) (S 38,9,11) (S 19,1,9) (S 14,9,10) (S 21,1,11) (D 1,1,1)
0 1 6 27 32 5 (D 1,1,1) (S 17,1,7) (S 20,1,10) (S 2,3,3) (D 1,1,1)
0 1 7 16 20 5 (D 1,1,1) (S 16,1,5) (S 4,5,5) (S 12,5,7) (D 1,1,1)
0 1 8 27 33 6 (D 1,1,1) (S 33,5,11) (S 6,7,7) (S 1,2,2) (S 10,2,7) (D 1,1,1)
0 1 9 19 25 5 (D 1,1,1) (S 28,4,6) (S 13,6,8) (S 15,1,3) (D 1,1,1)
