551
7
25782064
24835743
0 1 1 41 120 8 (D 1,1,1) (S 21,5,6) (S 9,3,8) (S 14,2,3) (S 17,3,6) (S 23,6,9) (S 10,6,7) (D 1,1,1)
0 1 2 36 86 5 (D 1,1,1) (S 24,7,8) (S 5,8,8) (S 11,8,10) (D 1,1,1)
0 1 3 26 46 4 (D 1,1,1) (S 7,1,4) (S 8,1,7) (D 1,1,1)
0 1 4 39 93 6 (D 1,1,1) (S 6,9,9) (S 26,9,10) (S 13,1,6) (S 16,3,1) (D 1,1,1)
0 1 5 36 65 7 (D 1,1,1) (S 2,4,4) (S 19,4,2) (S 20,4,5) (S 3,5,5) (S 22,5,7) (D 1,1,1)
0 1 6 33 75 4 (D 1,1,1) (S 1,2,2) (S 15,2,8) (D 1,1,1)
0 1 7 34 66 6 (D 1,1,1) (S 18,3,7) (S 25,7,10) (S 4,7,7) (S 12,1,5) (D 1,1,1)
