274
9
40186928
39292073
0 1 1 24 35 7 (D 1,1,1) (S 15,1,3) (S 26,3,7) (S 23,2,9) (S 8,9,9) (S 33,9,10) (D 1,1,1)
0 1 2 21 27 5 (D 1,1,1) (S 5,6,6) (S 19,1,10) (S 30,5,10) (D 1,1,1)
0 1 3 25 30 5 (D 1,1,1) (S 25,3,4) (S 3,4,4) (S 10,4,9) (D 1,1,1)
0 1 4 20 22 3 (D 1,1,1) (S 2,3,3) (D 1,1,1)
0 1 5 11 18 5 (D 1,1,1) (S 12,5,8) (S 4,5,5) (S 31,5,11) (D 1,1,1)
0 1 6 27 43 9 (D 1,1,1) (S 9,4,7) (S 32,7,10) (S 20,1,11) (S 6,7,7) (S 24,2,11) (S 14,7,9) (S 21,2,3) (D 1,1,1)
0 1 7 27 38 7 (D 1,1,1) (S 17,1,7) (S 27,3,10) (S 18,1,8) (S 16,1,6) (S 13,6,8) (D 1,1,1)
0 1 8 27 32 5 (D 1,1,1) (S 7,8,8) (S 1,2,2) (S 22,2,5) (D 1,1,1)
0 1 9 23 29 5 (D 1,1,1) (S 28,4,5) (S 11,5,7) (S 29,4,11) (D 1,1,1)
