35046
17
321400552
313953225
0 1 1 1636 2138 8 (D 11,1,1) (S 65,66,66) (S 64,65,65) (S 56,57,57) (S 55,56,56) (S 54,55,55) (S 43,44,44) (D 11,1,1)
0 1 2 1627 2256 10 (D 11,1,1) (S 49,50,50) (S 60,61,61) (S 70,71,71) (S 69,70,70) (S 59,60,60) (S 48,49,49) (S 39,40,40) (S 40,41,41) (D 11,1,1)
0 1 3 1641 2205 7 (D 11,1,1) (S 16,17,17) (S 18,19,19) (S 17,18,18) (S 27,28,28) (S 15,16,16) (D 11,1,1)
0 1 4 1463 1875 6 (D 11,1,1) (S 34,35,35) (S 35,36,36) (S 36,37,37) (S 37,38,38) (D 11,1,1)
0 1 5 1607 2390 8 (D 11,1,1) (S 62,63,63) (S 63,64,64) (S 61,62,62) (S 50,51,51) (S 42,43,43) (S 41,42,42) (D 11,1,1)
0 1 6 1618 2489 8 (D 11,1,1) (S 81,82,82) (S 92,93,93) (S 93,94,94) (S 83,84,84) (S 82,83,83) (S 77,78,78) (D 11,1,1)
0 1 7 1589 2100 8 (D 11,1,1) (S 51,52,52) (S 71,72,72) (S 84,85,85) (S 85,86,86) (S 72,73,73) (S 73,74,74) (D 11,1,1)
0 1 8 1584 2200 7 (D 11,1,1) (S 68,69,69) (S 58,59,59) (S 78,79,79) (S 67,68,68) (S 66,67,67) (D 11,1,1)
0 1 9 1622 2208 8 (D 11,1,1) (S 26,27,27) (S 25,26,26) (S 14,15,15) (S 6,6,6) (S 7,7,7) (S 5,5,5) (D 11,1,1)
0 1 10 1594 2037 8 (D 11,1,1) (S 24,25,25) (S 23,24,24) (S 22,23,23) (S 13,14,14) (S 12,13,13) (S 3,3,3) (D 11,1,1)
0 1 11 1576 2228 8 (D 11,1,1) (S 88,89,89) (S 76,77,77) (S 75,76,76) (S 74,75,75) (S 87,88,88) (S 86,87,87) (D 11,1,1)
0 1 12 959 1264 6 (D 11,1,1) (S 21,22,22) (S 31,32,32) (S 20,21,21) (S 32,33,33) (D 11,1,1)
0 1 13 1609 2278 9 (D 11,1,1) (S 4,4,4) (S 8,8,8) (S 9,9,9) (S 19,20,20) (S 30,31,31) (S 29,30,30) (S 28,29,29) (D 11,1,1)
0 1 14 1520 2081 8 (D 11,1,1) (S 44,45,45) (S 46,47,47) (S 47,48,48) (S 38,39,39) (S 57,58,58) (S 45,46,46) (D 11,1,1)
0 1 15 1632 2359 7 (D 11,1,1) (S 79,80,80) (S 80,81,81) (S 91,92,92) (S 90,91,91) (S 89,90,90) (D 11,1,1)
0 1 16 1574 1877 6 (D 11,1,1) (S 52,53,53) (S 53,54,54) (S 33,34,34) (S 11,12,12) (D 11,1,1)
0 1 17 914 1061 5 (D 11,1,1) (S 10,10,10) (S 1,1,1) (S 2,2,2) (D 11,1,1)
