1350
9
336577037
332088405
0 1 1 74 149 11 (D 1,1,1) (S 33,3,9) (S 41,21,22) (S 62,22,28) (S 67,28,22) (S 68,28,27) (S 16,20,20) (S 13,17,17) (S 9,11,11) (S 38,11,16) (D 1,1,1)
0 1 2 73 186 12 (D 1,1,1) (S 14,18,18) (S 49,11,12) (S 66,27,26) (S 20,26,26) (S 25,32,32) (S 64,25,26) (S 65,26,19) (S 61,19,26) (S 40,20,21) (S 47,8,7) (D 1,1,1)
0 1 3 75 207 18 (D 1,1,1) (S 28,37,37) (S 78,37,36) (S 42,36,40) (S 32,41,41) (S 83,41,40) (S 30,39,39) (S 81,39,40) (S 31,40,40) (S 82,40,41) (S 80,39,35) (S 27,36,36) (S 77,37,33) (S 71,33,27) (S 60,17,20) (S 59,16,19) (S 48,10,15) (D 1,1,1)
0 1 4 75 211 12 (D 1,1,1) (S 29,38,38) (S 79,38,34) (S 26,34,34) (S 74,35,36) (S 73,35,34) (S 72,34,35) (S 75,35,39) (S 76,36,32) (S 70,32,36) (S 21,27,27) (D 1,1,1)
0 1 5 75 170 8 (D 1,1,1) (S 23,30,30) (S 22,29,29) (S 69,29,34) (S 24,31,31) (S 19,25,25) (S 39,14,15) (D 1,1,1)
0 1 6 73 107 11 (D 1,1,1) (S 8,10,10) (S 57,15,16) (S 58,16,15) (S 11,15,15) (S 12,16,16) (S 15,19,19) (S 56,15,10) (S 52,13,7) (S 43,1,7) (D 1,1,1)
0 1 7 43 89 9 (D 1,1,1) (S 3,4,4) (S 35,5,6) (S 4,6,6) (S 50,12,6) (S 51,12,11) (S 34,4,5) (S 46,4,3) (D 1,1,1)
0 1 8 67 111 12 (D 1,1,1) (S 44,2,8) (S 5,7,7) (S 6,8,8) (S 36,8,9) (S 7,9,9) (S 1,2,2) (S 2,3,3) (S 45,3,2) (S 37,9,10) (S 54,14,13) (D 1,1,1)
0 1 9 72 120 8 (D 1,1,1) (S 10,13,13) (S 53,13,14) (S 55,14,24) (S 18,24,24) (S 17,23,23) (S 63,23,14) (D 1,1,1)
