15468
18
541029135
531127607
0 1 1 148 693 4 (D 1,1,1) (S 106,108,109) (S 34,114,114) (D 1,1,1)
0 1 2 141 1173 10 (D 1,1,1) (S 107,110,111) (S 77,55,140) (S 50,12,13) (S 6,15,15) (S 3,10,10) (S 7,16,16) (S 51,13,14) (S 5,13,13) (D 1,1,1)
0 1 3 150 892 9 (D 1,1,1) (S 19,49,49) (S 18,48,48) (S 73,48,49) (S 21,61,61) (S 74,49,140) (S 76,55,56) (S 83,67,68) (D 1,1,1)
0 1 4 144 856 12 (D 1,1,1) (S 105,107,112) (S 32,103,103) (S 97,96,97) (S 98,97,98) (S 96,95,96) (S 100,104,105) (S 101,105,106) (S 102,106,107) (S 103,107,108) (S 104,107,110) (D 1,1,1)
0 1 5 147 1204 10 (D 1,1,1) (S 86,71,72) (S 9,25,25) (S 54,24,25) (S 55,25,27) (S 56,27,28) (S 58,28,30) (S 59,30,32) (S 71,44,73) (D 1,1,1)
0 1 6 148 1119 8 (D 1,1,1) (S 84,67,69) (S 62,34,139) (S 4,11,11) (S 48,11,27) (S 70,44,45) (S 89,78,79) (D 1,1,1)
0 1 7 146 592 7 (D 1,1,1) (S 114,124,126) (S 36,124,124) (S 39,135,135) (S 38,134,134) (S 37,125,125) (D 1,1,1)
0 1 8 143 787 8 (D 1,1,1) (S 82,66,67) (S 85,69,71) (S 87,72,73) (S 24,70,70) (S 79,62,66) (S 30,88,88) (D 1,1,1)
0 1 9 150 1213 9 (D 1,1,1) (S 44,6,8) (S 1,5,5) (S 43,5,6) (S 2,6,6) (S 45,8,9) (S 61,34,45) (S 95,86,87) (D 1,1,1)
0 1 10 148 659 8 (D 1,1,1) (S 90,79,80) (S 26,78,78) (S 25,76,76) (S 17,46,46) (S 88,77,78) (S 27,80,80) (D 1,1,1)
0 1 11 96 556 6 (D 1,1,1) (S 41,1,116) (S 112,116,117) (S 113,117,119) (S 115,126,130) (D 1,1,1)
0 1 12 135 478 8 (D 1,1,1) (S 108,110,112) (S 109,112,113) (S 33,113,113) (S 110,113,114) (S 111,114,118) (S 42,2,117) (D 1,1,1)
0 1 13 145 1179 8 (D 1,1,1) (S 11,30,30) (S 10,29,29) (S 52,20,22) (S 8,20,20) (S 53,20,24) (S 57,28,29) (D 1,1,1)
0 1 14 146 868 10 (D 1,1,1) (S 63,36,37) (S 64,36,38) (S 66,38,39) (S 67,39,40) (S 14,38,38) (S 12,36,36) (S 15,42,42) (S 69,43,46) (D 1,1,1)
0 1 15 150 560 10 (D 1,1,1) (S 35,118,118) (S 31,92,92) (S 91,80,82) (S 28,82,82) (S 92,82,84) (S 29,84,84) (S 93,84,85) (S 94,85,86) (D 1,1,1)
0 1 16 149 807 10 (D 1,1,1) (S 23,64,64) (S 81,64,65) (S 20,54,54) (S 75,54,55) (S 80,63,64) (S 22,62,62) (S 78,62,63) (S 99,102,104) (D 1,1,1)
0 1 17 147 778 7 (D 1,1,1) (S 13,37,37) (S 65,37,43) (S 68,43,44) (S 16,43,43) (S 72,46,77) (D 1,1,1)
0 1 18 150 1054 7 (D 1,1,1) (S 46,8,11) (S 47,11,12) (S 49,11,33) (S 60,33,139) (S 40,139,139) (D 1,1,1)
