17464
8
159609189
157699044
0 1 1 1419 2205 9 (D 21,1,1) (S 5,6,1) (S 2,2,3) (S 3,4,5) (S 4,5,11) (S 14,11,10) (S 10,9,8) (S 8,7,13) (D 21,1,1)
0 1 2 1344 2153 7 (D 21,1,1) (S 24,18,19) (S 26,19,10) (S 11,10,4) (S 13,10,18) (S 27,19,30) (D 21,1,1)
0 1 3 1751 2428 12 (D 21,1,1) (S 48,34,35) (S 50,35,36) (S 51,36,31) (S 44,31,28) (S 41,28,29) (S 52,36,37) (S 53,38,30) (S 42,29,23) (S 39,27,26) (S 28,20,21) (D 21,1,1)
0 1 4 1677 2232 9 (D 21,1,1) (S 9,8,7) (S 7,7,6) (S 6,6,12) (S 15,12,13) (S 16,13,15) (S 17,14,24) (S 34,25,20) (D 21,1,1)
0 1 5 1791 2375 7 (D 21,1,1) (S 38,26,34) (S 47,34,33) (S 29,21,17) (S 25,18,23) (S 32,23,22) (D 21,1,1)
0 1 6 1763 2453 10 (D 21,1,1) (S 1,24,24) (S 33,24,25) (S 36,25,33) (S 46,33,32) (S 45,32,24) (S 35,25,21) (S 30,21,22) (S 20,17,16) (D 21,1,1)
0 1 7 1762 2291 9 (D 21,1,1) (S 31,22,17) (S 22,17,22) (S 21,17,18) (S 23,18,10) (S 12,10,9) (S 18,16,8) (S 19,16,15) (D 21,1,1)
0 1 8 1051 1327 6 (D 21,1,1) (S 49,35,27) (S 40,27,31) (S 43,31,27) (S 37,26,25) (D 21,1,1)
