1144
10
355545105
351976886
0 1 1 61 124 9 (D 1,1,1) (S 33,17,22) (S 18,26,26) (S 40,26,30) (S 22,30,30) (S 72,26,23) (S 62,17,13) (S 10,13,13) (D 1,1,1)
0 1 2 47 103 8 (D 1,1,1) (S 28,10,19) (S 34,18,19) (S 57,14,17) (S 13,17,17) (S 55,14,8) (S 48,8,13) (D 1,1,1)
0 1 3 65 147 14 (D 1,1,1) (S 17,25,25) (S 71,25,30) (S 75,30,25) (S 37,22,25) (S 70,23,22) (S 16,22,22) (S 68,22,29) (S 21,29,29) (S 73,29,21) (S 66,21,24) (S 67,21,29) (S 74,29,22) (D 1,1,1)
0 1 4 65 150 10 (D 1,1,1) (S 47,7,12) (S 32,16,21) (S 69,23,18) (S 56,14,13) (S 9,12,12) (S 12,16,16) (S 61,16,13) (S 54,13,8) (D 1,1,1)
0 1 5 54 90 11 (D 1,1,1) (S 23,1,2) (S 42,2,9) (S 52,9,15) (S 58,15,9) (S 63,18,15) (S 6,9,9) (S 50,9,2) (S 41,2,3) (S 1,3,3) (D 1,1,1)
0 1 6 53 128 9 (D 1,1,1) (S 45,6,11) (S 53,11,16) (S 29,11,20) (S 35,20,27) (S 14,20,20) (S 60,16,12) (S 30,12,13) (D 1,1,1)
0 1 7 47 71 6 (D 1,1,1) (S 27,8,9) (S 51,9,10) (S 7,10,10) (S 25,3,10) (D 1,1,1)
0 1 8 49 80 9 (D 1,1,1) (S 4,7,7) (S 46,7,4) (S 26,4,6) (S 3,6,6) (S 44,4,7) (S 43,4,5) (S 2,5,5) (D 1,1,1)
0 1 9 65 150 12 (D 1,1,1) (S 59,16,11) (S 65,20,21) (S 15,21,21) (S 36,21,28) (S 38,24,27) (S 19,27,27) (S 39,24,28) (S 20,28,28) (S 64,20,16) (S 8,11,11) (D 1,1,1)
0 1 10 60 101 7 (D 1,1,1) (S 5,8,8) (S 49,8,14) (S 31,14,15) (S 11,15,15) (S 24,1,5) (D 1,1,1)
