819
8
62155353
60764406
0 1 1 38 126 8 (D 1,1,1) (S 34,12,6) (S 5,6,6) (S 6,7,7) (S 7,8,8) (S 13,18,18) (S 10,14,14) (D 1,1,1)
0 1 2 40 132 9 (D 1,1,1) (S 36,14,13) (S 23,17,18) (S 35,13,17) (S 40,17,13) (S 12,16,16) (S 38,16,12) (S 37,15,21) (D 1,1,1)
0 1 3 37 112 6 (D 1,1,1) (S 18,24,24) (S 44,24,21) (S 15,21,21) (S 17,23,23) (D 1,1,1)
0 1 4 39 83 8 (D 1,1,1) (S 32,11,5) (S 28,5,11) (S 11,15,15) (S 30,10,11) (S 4,5,5) (S 20,3,4) (D 1,1,1)
0 1 5 40 97 7 (D 1,1,1) (S 41,19,9) (S 21,9,10) (S 24,19,22) (S 16,22,22) (S 29,9,3) (D 1,1,1)
0 1 6 39 90 6 (D 1,1,1) (S 26,1,3) (S 42,19,20) (S 14,20,20) (S 25,20,21) (D 1,1,1)
0 1 7 38 60 8 (D 1,1,1) (S 19,1,2) (S 1,2,2) (S 3,4,4) (S 2,3,3) (S 8,9,9) (S 27,3,1) (D 1,1,1)
0 1 8 39 119 8 (D 1,1,1) (S 9,12,12) (S 22,11,15) (S 43,21,15) (S 39,16,15) (S 33,11,10) (S 31,10,20) (D 1,1,1)
