595
11
87440275
85880230
0 1 1 25 66 7 (D 1,1,1) (S 40,18,21) (S 18,21,25) (S 43,21,22) (S 45,22,25) (S 17,21,23) (D 1,1,1)
0 1 2 16 37 4 (D 1,1,1) (S 10,1,3) (S 13,3,8) (D 1,1,1)
0 1 3 25 49 5 (D 1,1,1) (S 44,22,23) (S 8,23,23) (S 9,26,26) (D 1,1,1)
0 1 4 26 49 8 (D 1,1,1) (S 21,1,19) (S 36,12,19) (S 20,1,17) (S 19,1,15) (S 2,4,4) (S 28,4,19) (D 1,1,1)
0 1 5 27 82 8 (D 1,1,1) (S 33,7,11) (S 30,5,9) (S 35,12,13) (S 37,13,15) (S 39,15,17) (S 22,1,24) (D 1,1,1)
0 1 6 23 68 7 (D 1,1,1) (S 16,15,20) (S 42,20,21) (S 41,18,25) (S 47,25,26) (S 34,8,9) (D 1,1,1)
0 1 7 14 30 4 (D 1,1,1) (S 46,24,27) (S 4,8,8) (D 1,1,1)
0 1 8 24 68 7 (D 1,1,1) (S 6,14,14) (S 15,14,20) (S 38,14,18) (S 14,13,14) (S 7,16,16) (D 1,1,1)
0 1 9 25 41 7 (D 1,1,1) (S 27,4,12) (S 1,2,2) (S 11,2,12) (S 26,4,6) (S 24,3,6) (D 1,1,1)
0 1 10 27 57 6 (D 1,1,1) (S 23,1,27) (S 3,6,6) (S 32,6,9) (S 5,10,10) (D 1,1,1)
0 1 11 26 48 6 (D 1,1,1) (S 12,3,4) (S 25,4,5) (S 29,5,6) (S 31,6,8) (D 1,1,1)
