591
10
72300551
70073215
0 1 1 27 57 8 (D 1,1,1) (S 43,21,23) (S 12,23,23) (S 45,22,23) (S 46,22,25) (S 13,25,25) (S 25,1,24) (D 1,1,1)
0 1 2 25 61 7 (D 1,1,1) (S 42,15,20) (S 21,23,26) (S 14,26,26) (S 15,27,27) (S 22,24,27) (D 1,1,1)
0 1 3 24 66 7 (D 1,1,1) (S 16,6,7) (S 4,7,7) (S 35,6,10) (S 36,10,11) (S 29,3,6) (D 1,1,1)
0 1 4 25 60 6 (D 1,1,1) (S 3,5,5) (S 33,5,9) (S 17,6,9) (S 34,6,8) (D 1,1,1)
0 1 5 22 50 6 (D 1,1,1) (S 10,19,19) (S 23,1,15) (S 26,2,1) (S 24,1,17) (D 1,1,1)
0 1 6 27 70 7 (D 1,1,1) (S 41,14,21) (S 18,14,18) (S 9,18,18) (S 6,14,14) (S 8,16,16) (D 1,1,1)
0 1 7 27 78 8 (D 1,1,1) (S 20,20,21) (S 11,21,21) (S 44,21,25) (S 38,13,14) (S 40,14,20) (S 19,18,25) (D 1,1,1)
0 1 8 25 45 6 (D 1,1,1) (S 27,2,12) (S 37,12,13) (S 39,13,15) (S 7,15,15) (D 1,1,1)
0 1 9 26 57 6 (D 1,1,1) (S 28,3,4) (S 32,4,10) (S 2,4,4) (S 31,4,5) (D 1,1,1)
0 1 10 21 47 5 (D 1,1,1) (S 1,3,3) (S 30,3,8) (S 5,8,8) (D 1,1,1)
