23016
13
106462609
104371812
0 1 1 1434 2033 7 (D 1,1,1) (S 25,12,16) (S 37,20,27) (S 44,27,28) (S 50,26,25) (S 41,23,25) (D 1,1,1)
0 1 2 1388 1899 7 (D 1,1,1) (S 24,12,13) (S 29,15,22) (S 5,22,22) (S 4,15,15) (S 3,14,14) (D 1,1,1)
0 1 3 1540 2038 7 (D 1,1,1) (S 23,11,18) (S 35,19,24) (S 42,24,26) (S 43,26,27) (S 6,24,24) (D 1,1,1)
0 1 4 1167 1446 5 (D 1,1,1) (S 8,1,6) (S 16,6,7) (S 10,2,7) (D 1,1,1)
0 1 5 1439 2121 8 (D 1,1,1) (S 15,5,10) (S 22,10,15) (S 19,8,9) (S 20,9,10) (S 21,9,14) (S 28,14,15) (D 1,1,1)
0 1 6 1482 1994 6 (D 1,1,1) (S 18,7,8) (S 26,13,14) (S 27,13,17) (S 31,16,19) (D 1,1,1)
0 1 7 1505 2146 6 (D 1,1,1) (S 46,8,13) (S 38,21,28) (S 45,28,29) (S 39,22,29) (D 1,1,1)
0 1 8 1325 1797 7 (D 1,1,1) (S 2,11,11) (S 17,6,11) (S 47,11,12) (S 30,16,17) (S 48,12,7) (D 1,1,1)
0 1 9 1312 1778 5 (D 1,1,1) (S 33,18,23) (S 40,23,24) (S 34,19,20) (D 1,1,1)
0 1 10 1179 1484 4 (D 1,1,1) (S 14,4,9) (S 1,3,3) (D 1,1,1)
0 1 11 1279 1688 6 (D 1,1,1) (S 9,2,3) (S 11,3,4) (S 13,4,5) (S 12,3,8) (D 1,1,1)
0 1 12 1409 1841 5 (D 1,1,1) (S 32,18,19) (S 36,20,21) (S 49,21,17) (D 1,1,1)
0 1 13 634 751 3 (D 1,1,1) (S 7,1,2) (D 1,1,1)
