582
7
25577255
24966331
0 1 1 26 88 6 (D 1,1,1) (S 19,5,9) (S 24,9,10) (S 6,7,7) (S 10,7,9) (D 1,1,1)
0 1 2 26 48 4 (D 1,1,1) (S 4,5,5) (S 9,5,7) (D 1,1,1)
0 1 3 35 47 4 (D 1,1,1) (S 3,4,4) (S 17,4,1) (D 1,1,1)
0 1 4 41 175 8 (D 1,1,1) (S 16,3,8) (S 22,8,9) (S 11,1,8) (S 23,8,10) (S 20,7,8) (S 7,1,6) (D 1,1,1)
0 1 5 41 102 6 (D 1,1,1) (S 8,2,5) (S 18,4,2) (S 21,7,10) (S 12,1,9) (D 1,1,1)
0 1 6 39 63 6 (D 1,1,1) (S 5,6,6) (S 14,3,6) (S 2,3,3) (S 15,3,7) (D 1,1,1)
0 1 7 37 59 4 (D 1,1,1) (S 1,2,2) (S 13,2,3) (D 1,1,1)
