302
7
50691329
49815378
0 1 1 19 30 5 (D 1,1,1) (S 3,4,4) (S 4,5,5) (S 18,5,10) (D 1,1,1)
0 1 2 20 47 8 (D 1,1,1) (S 17,3,4) (S 9,12,12) (S 29,12,6) (S 19,6,7) (S 10,13,13) (S 30,12,11) (D 1,1,1)
0 1 3 20 53 7 (D 1,1,1) (S 13,17,17) (S 33,18,17) (S 31,13,14) (S 20,8,14) (S 23,14,18) (D 1,1,1)
0 1 4 20 43 8 (D 1,1,1) (S 21,9,19) (S 34,19,20) (S 35,20,23) (S 15,23,23) (S 24,22,23) (S 25,4,2) (D 1,1,1)
0 1 5 19 45 9 (D 1,1,1) (S 16,1,2) (S 8,11,11) (S 28,11,12) (S 27,8,7) (S 5,7,7) (S 26,6,12) (S 6,9,9) (D 1,1,1)
0 1 6 19 43 6 (D 1,1,1) (S 14,21,21) (S 12,16,16) (S 32,16,12) (S 11,15,15) (D 1,1,1)
0 1 7 20 41 7 (D 1,1,1) (S 2,3,3) (S 7,10,10) (S 22,10,20) (S 36,22,19) (S 1,2,2) (D 1,1,1)
