35835
46
3559895572
3517908779
0 1 1 108 429 8 (D 1,1,1) (S 40,115,115) (S 201,107,108) (S 38,108,108) (S 203,107,112) (S 202,107,110) (S 206,110,112) (D 1,1,1)
0 1 2 110 548 7 (D 1,1,1) (S 148,68,90) (S 177,88,89) (S 179,89,92) (S 178,88,90) (S 180,90,91) (D 1,1,1)
0 1 3 111 469 6 (D 1,1,1) (S 37,106,106) (S 198,105,106) (S 200,106,108) (S 199,106,107) (D 1,1,1)
0 1 4 119 726 7 (D 1,1,1) (S 143,66,67) (S 140,63,93) (S 183,93,94) (S 193,101,102) (S 181,91,103) (D 1,1,1)
0 1 5 118 804 7 (D 1,1,1) (S 96,35,37) (S 12,35,35) (S 97,36,37) (S 100,37,43) (S 108,43,44) (D 1,1,1)
0 1 6 118 942 5 (D 1,1,1) (S 117,48,139) (S 88,29,33) (S 99,37,42) (D 1,1,1)
0 1 7 120 683 11 (D 1,1,1) (S 47,135,135) (S 46,131,131) (S 232,131,132) (S 234,132,133) (S 236,133,135) (S 235,133,134) (S 237,134,135) (S 48,136,136) (S 240,136,138) (D 1,1,1)
0 1 8 120 891 9 (D 1,1,1) (S 205,110,111) (S 20,53,53) (S 19,51,51) (S 121,51,52) (S 122,52,53) (S 123,53,140) (S 127,55,140) (D 1,1,1)
0 1 9 117 688 9 (D 1,1,1) (S 29,76,76) (S 159,76,77) (S 161,78,79) (S 30,79,79) (S 162,79,80) (S 167,82,83) (S 169,82,92) (D 1,1,1)
0 1 10 115 517 6 (D 1,1,1) (S 219,120,123) (S 43,123,123) (S 223,123,125) (S 225,125,138) (D 1,1,1)
0 1 11 119 1113 8 (D 1,1,1) (S 164,80,81) (S 58,8,9) (S 3,9,9) (S 60,9,10) (S 61,10,15) (S 72,15,17) (D 1,1,1)
0 1 12 120 855 10 (D 1,1,1) (S 14,39,39) (S 102,38,41) (S 101,38,39) (S 103,39,40) (S 104,40,41) (S 15,41,41) (S 13,38,38) (S 160,77,78) (D 1,1,1)
0 1 13 69 310 4 (D 1,1,1) (S 212,115,117) (S 214,117,118) (D 1,1,1)
0 1 14 117 858 8 (D 1,1,1) (S 130,57,58) (S 135,59,61) (S 134,59,60) (S 22,59,59) (S 131,57,62) (S 24,63,63) (D 1,1,1)
0 1 15 114 1120 7 (D 1,1,1) (S 82,25,26) (S 9,26,26) (S 80,23,26) (S 84,26,31) (S 11,31,31) (D 1,1,1)
0 1 16 113 539 7 (D 1,1,1) (S 217,119,120) (S 222,123,124) (S 224,124,126) (S 228,126,131) (S 45,126,126) (D 1,1,1)
0 1 17 106 743 9 (D 1,1,1) (S 35,94,94) (S 188,96,97) (S 190,97,98) (S 191,97,99) (S 187,95,96) (S 189,96,99) (S 185,94,100) (D 1,1,1)
0 1 18 112 650 7 (D 1,1,1) (S 226,126,127) (S 231,128,129) (S 229,127,128) (S 230,127,129) (S 53,3,128) (D 1,1,1)
0 1 19 120 1034 9 (D 1,1,1) (S 174,86,87) (S 110,44,45) (S 10,30,30) (S 4,11,11) (S 65,11,33) (S 49,139,139) (S 133,58,70) (D 1,1,1)
0 1 20 120 1302 5 (D 1,1,1) (S 79,23,24) (S 75,20,21) (S 85,27,28) (D 1,1,1)
0 1 21 120 1053 7 (D 1,1,1) (S 68,13,14) (S 7,14,14) (S 5,12,12) (S 66,12,13) (S 63,11,12) (D 1,1,1)
0 1 22 117 772 6 (D 1,1,1) (S 158,75,76) (S 16,44,44) (S 111,44,73) (S 156,73,74) (D 1,1,1)
0 1 23 119 751 9 (D 1,1,1) (S 213,116,117) (S 28,72,72) (S 154,72,73) (S 155,72,74) (S 157,74,76) (S 150,69,71) (S 146,67,68) (D 1,1,1)
0 1 24 114 593 9 (D 1,1,1) (S 168,82,84) (S 172,84,92) (S 33,84,84) (S 171,84,85) (S 173,85,86) (S 176,87,122) (S 221,122,123) (D 1,1,1)
0 1 25 118 957 7 (D 1,1,1) (S 93,34,45) (S 94,34,139) (S 112,45,60) (S 23,60,60) (S 136,60,61) (D 1,1,1)
0 1 26 118 502 6 (D 1,1,1) (S 144,66,91) (S 34,90,90) (S 220,121,122) (S 218,120,121) (D 1,1,1)
0 1 27 119 1235 9 (D 1,1,1) (S 81,24,25) (S 83,25,27) (S 87,28,30) (S 90,30,32) (S 89,30,31) (S 86,28,29) (S 17,45,45) (D 1,1,1)
0 1 28 117 1209 10 (D 1,1,1) (S 62,10,19) (S 6,13,13) (S 70,13,17) (S 73,17,18) (S 74,18,19) (S 69,13,16) (S 71,15,16) (S 67,12,20) (D 1,1,1)
0 1 29 120 553 8 (D 1,1,1) (S 165,80,82) (S 31,81,81) (S 166,81,83) (S 32,83,83) (S 170,83,84) (S 41,118,118) (D 1,1,1)
0 1 30 118 857 10 (D 1,1,1) (S 92,34,35) (S 95,35,36) (S 98,36,38) (S 109,43,46) (S 113,46,47) (S 107,42,47) (S 106,42,43) (S 163,79,81) (D 1,1,1)
0 1 31 118 952 9 (D 1,1,1) (S 116,48,50) (S 120,50,51) (S 18,50,50) (S 115,48,49) (S 118,49,61) (S 119,49,140) (S 50,140,140) (D 1,1,1)
0 1 32 119 696 7 (D 1,1,1) (S 192,99,100) (S 184,94,95) (S 186,94,101) (S 36,101,101) (S 197,104,105) (D 1,1,1)
0 1 33 114 472 7 (D 1,1,1) (S 194,102,103) (S 196,103,113) (S 207,112,113) (S 208,113,114) (S 211,115,116) (D 1,1,1)
0 1 34 120 1283 6 (D 1,1,1) (S 77,20,24) (S 76,20,22) (S 8,22,22) (S 78,21,23) (D 1,1,1)
0 1 35 119 664 4 (D 1,1,1) (S 204,108,109) (S 39,109,109) (D 1,1,1)
0 1 36 118 441 5 (D 1,1,1) (S 209,114,115) (S 210,114,118) (S 215,117,119) (D 1,1,1)
0 1 37 113 579 5 (D 1,1,1) (S 54,4,124) (S 227,126,130) (S 44,124,124) (D 1,1,1)
0 1 38 115 710 9 (D 1,1,1) (S 149,69,70) (S 151,70,71) (S 153,71,75) (S 152,71,72) (S 27,69,69) (S 147,67,69) (S 26,67,67) (D 1,1,1)
0 1 39 120 819 8 (D 1,1,1) (S 124,54,55) (S 21,54,54) (S 125,54,140) (S 129,56,65) (S 141,64,65) (S 142,64,93) (D 1,1,1)
0 1 40 119 541 7 (D 1,1,1) (S 182,91,118) (S 216,118,121) (S 175,86,88) (S 52,2,117) (S 51,1,116) (D 1,1,1)
0 1 41 115 1103 6 (D 1,1,1) (S 59,8,11) (S 64,11,27) (S 91,33,139) (S 126,55,56) (D 1,1,1)
0 1 42 110 1121 7 (D 1,1,1) (S 57,6,8) (S 1,5,5) (S 55,5,6) (S 56,6,7) (S 2,6,6) (D 1,1,1)
0 1 43 116 600 6 (D 1,1,1) (S 138,62,66) (S 25,66,66) (S 145,66,101) (S 195,102,104) (D 1,1,1)
0 1 44 115 708 4 (D 1,1,1) (S 105,41,47) (S 114,46,77) (D 1,1,1)
0 1 45 120 613 6 (D 1,1,1) (S 238,134,136) (S 239,136,137) (S 233,131,138) (S 42,119,119) (D 1,1,1)
0 1 46 105 830 6 (D 1,1,1) (S 128,56,57) (S 132,58,59) (S 137,62,63) (S 139,63,64) (D 1,1,1)
